 -0.205585207558167E+003 -0.142521135198111E+002 -0.142958707745255E+002
 -0.196715466893787E+003  0.146176051575189E+002 -0.132695440431702E+002
 -0.192302405040722E+003  0.135097553727857E+002 -0.140860060242822E+002
 -0.190612350166602E+003  0.138606682126918E+002 -0.136172986637608E+002
 -0.183160994120565E+003 -0.120431091052844E+002  0.147516018515457E+002
 -0.176990113351395E+003 -0.147500287902123E+002 -0.115213333975665E+002
 -0.166641489371045E+003 -0.104157507014508E+002  0.148700827816962E+002
 -0.155067338381727E+003  0.115844506395666E+002  0.131247638458786E+002
 -0.152035033068197E+003 -0.952547308857770E+001  0.144796296376101E+002
 -0.147732922501609E+003  0.999402599853132E+001  0.138531417090521E+002
 -0.147452709392896E+003 -0.913718424335609E+001  0.144132414382033E+002
 -0.146263580864114E+003 -0.148875089387948E+002 -0.819838308404248E+001
 -0.142097895905602E+003  0.918163716238706E+001  0.140077684409994E+002
 -0.137078343136477E+003 -0.137842150992835E+002  0.897086095293086E+001
 -0.135005289518877E+003  0.125041748830452E+002 -0.104871557344761E+002
 -0.134385976284364E+003 -0.136021899705728E+002 -0.894855443299967E+001
 -0.131732898401259E+003 -0.115958204725057E+002  0.111949537845905E+002
 -0.125468317209870E+003 -0.986190619279117E+001 -0.122475992150098E+002
 -0.123729665378448E+003 -0.113684939828641E+002  0.107023792301366E+002
 -0.122488472376332E+003  0.679458368975469E+001 -0.139690666510961E+002
 -0.118852193718715E+003 -0.794329290507508E+001  0.130741244880411E+002
 -0.115884404620414E+003 -0.141451169954851E+002 -0.529232654813054E+001
 -0.115656059499048E+003 -0.546158899894989E+001 -0.140644022436727E+002
 -0.114633803311741E+003  0.879197880902394E+001  0.121775597355274E+002
 -0.114584824799277E+003 -0.427022479838681E+001 -0.143964952553383E+002
 -0.114331927866730E+003 -0.122225165281877E+002 -0.869472203804248E+001
 -0.113889902223210E+003  0.101205104619527E+001 -0.149358562859147E+002
 -0.110472163539880E+003 -0.242435887533509E+001 -0.145392935519758E+002
 -0.109651901448186E+003 -0.141380627451432E+002  0.396777400792264E+001
 -0.109379328965165E+003  0.145341708510600E+002  0.195979118012842E+001
 -0.107235089469535E+003  0.145130993457296E+002  0.405428399640375E+000
 -0.107076989781630E+003  0.104005165855866E+002  0.101147160208965E+002
 -0.106957969362232E+003  0.717492829882649E+001  0.126000233530872E+002
 -0.106480301155112E+003  0.124734654796639E+002  0.732785828909369E+001
 -0.105464568282059E+003 -0.124384927270206E+002 -0.724826055762028E+001
 -0.103765669304899E+003  0.142349259764094E+002  0.110565226139404E+001
 -0.103509176458454E+003 -0.137381257404362E+002  0.382184509419923E+001
 -0.102441566187698E+003  0.835649871461554E+001  0.114619504219485E+002
 -0.100044870752136E+003  0.139943531589231E+002 -0.756351131942974E+000
 -0.997930401745447E+002  0.114735851044124E+002 -0.801668080118425E+001
 -0.976987282502122E+002 -0.128650349946920E+002 -0.511982196496684E+001
 -0.972231733963761E+002  0.137533811033223E+002 -0.127086619543924E+001
 -0.971072450069576E+002  0.409293209425632E+001 -0.131828161920321E+002
 -0.963842645539077E+002 -0.459411742839282E+001 -0.129609745015232E+002
 -0.959650124846693E+002 -0.136923800180501E+002  0.879204343610086E+000
 -0.957445100847802E+002  0.579513190815150E+001  0.124189255655981E+002
 -0.957239285619133E+002 -0.132521538424610E+002  0.348604669027154E+001
 -0.938339967919055E+002 -0.133126889516796E+002 -0.260087530012898E+001
 -0.936360131469618E+002 -0.101500753110607E+002 -0.897620428359895E+001
 -0.920540200094407E+002  0.763403957661119E+001 -0.110523176586993E+002
 -0.919014129679498E+002  0.102146490772912E+002 -0.870563128273165E+001
 -0.911826209440174E+002 -0.102335970388460E+002 -0.860017321928683E+001
 -0.906561552699584E+002 -0.125252629944795E+002  0.455569350661577E+001
 -0.896244078850909E+002  0.105136767473780E+002  0.806446916349782E+001
 -0.853501388352003E+002 -0.484701160787029E+001  0.119804424797564E+002
 -0.851207905457239E+002  0.170023040594956E+001 -0.127935547650101E+002
 -0.850269439427566E+002 -0.699986278015010E+001 -0.108342076226997E+002
 -0.849548830481752E+002  0.507874760244977E+001 -0.118507524973793E+002
 -0.836597315064929E+002  0.116221418063110E+002 -0.534504711992012E+001
 -0.835003678634854E+002  0.273258516752480E+001  0.124843085469871E+002
 -0.832721682659381E+002  0.116223886885151E+002  0.527149538291879E+001
 -0.807851419367796E+002  0.753440001304729E+001  0.100562093347411E+002
 -0.806561329482261E+002  0.518931023400502E+001 -0.114327411874355E+002
 -0.798257676983014E+002 -0.105815572130243E+002  0.663373410767097E+001
 -0.795279375727644E+002  0.818093758178387E+001 -0.940491261499364E+001
 -0.793598882079192E+002 -0.112264252552182E+002  0.538622300615368E+001
 -0.787247078393644E+002  0.117128594324501E+002 -0.407217208152789E+001
 -0.782704464796503E+002 -0.688263742358261E+001 -0.102710486768383E+002
 -0.769877039990349E+002 -0.640157772189146E+001  0.104555945089619E+002
 -0.737834609178238E+002 -0.812372159214076E+000 -0.119679245977639E+002
 -0.713427388733023E+002  0.603887325952990E+001  0.101262892201004E+002
 -0.697317165848999E+002 -0.845425704595861E+001  0.801955215943136E+001
 -0.691074554451700E+002  0.111978986698929E+002  0.302427216637869E+001
 -0.686946379529861E+002  0.114477419650756E+001 -0.115066508512323E+002
 -0.675347262871190E+002 -0.356451242671077E+001  0.108943999192816E+002
 -0.670898474071004E+002 -0.864185304373796E+001 -0.747143337331057E+001
 -0.669669456497137E+002  0.982245670873762E+001 -0.581183975790660E+001
 -0.667020600129960E+002  0.122418760306883E+001  0.113238567019221E+002
 -0.665356151039619E+002  0.510540551158264E+001 -0.101651517764078E+002
 -0.663401835473082E+002  0.253331626041527E+001 -0.110718978358054E+002
 -0.659567106577688E+002  0.834410447034885E+001  0.765595113428914E+001
 -0.658246206943742E+002 -0.981071866777478E+001 -0.563234289418757E+001
 -0.636820901248543E+002  0.183644619297849E+001 -0.109688600819404E+002
 -0.635368122198625E+002  0.475886524307094E+001  0.100374833452015E+002
 -0.631760078437761E+002 -0.110535873612734E+002 -0.703184187415705E+000
 -0.630824371167111E+002  0.584942237395449E+000  0.110520117028310E+002
 -0.624577547785437E+002  0.398648707839539E+001  0.102639016069941E+002
 -0.611125893131389E+002 -0.103982281156908E+002  0.322897453497480E+001
 -0.606257367912249E+002 -0.102415901089023E+002 -0.356167818462949E+001
 -0.595118582782752E+002 -0.354835030849114E+001 -0.101369212541068E+002
 -0.594540600296967E+002 -0.100155573790274E+002  0.386276796015291E+001
 -0.594208273572325E+002  0.107314974501959E+002  0.293778502415130E-001
 -0.587942296127350E+002  0.861732172934893E+001 -0.629717963103659E+001
 -0.587507162347081E+002  0.475807050656345E+001 -0.954915930284801E+001
 -0.584847360770468E+002  0.106109176814765E+002 -0.837940318999642E+000
 -0.582492270743922E+002 -0.103570066701480E+002 -0.235692869015499E+001
 -0.580659090763589E+002 -0.957996590841044E+001  0.454756167782174E+001
 -0.576271365508338E+002  0.847783369653586E+001 -0.630117884071941E+001
 -0.576230943520850E+002  0.103210740603194E+002  0.224630024991155E+001
 -0.576186375540366E+002  0.568281249072026E+001  0.890321083489368E+001
 -0.574859351999743E+002  0.214027808966974E+001 -0.103303110294903E+002
 -0.558294012660015E+002  0.344668326818384E+001 -0.980323532554462E+001
 -0.551615739622972E+002 -0.708073539143767E+001 -0.751735193457229E+001
 -0.539046878400193E+002  0.108919410051063E+001  0.101462937942203E+002
 -0.537940066981413E+002 -0.306488600942280E+001 -0.972207452207132E+001
 -0.536915661975529E+002 -0.100418924669942E+002 -0.169345030739390E+001
 -0.526271688841005E+002 -0.952966123006173E+001 -0.328087495580685E+001
 -0.522875988364450E+002 -0.965331048415499E+001  0.277723607865349E+001
 -0.519703730623466E+002  0.851837335256607E+001 -0.526329815022548E+001
 -0.518772089735749E+002  0.352579105301704E+000  0.999771732891242E+001
 -0.513450739611935E+002 -0.537200522324627E+001  0.837591509454239E+001
 -0.510323504857709E+002  0.868637984905106E+001  0.478912851745730E+001
 -0.510317514546481E+002 -0.771289062147804E+001 -0.623691165863311E+001
 -0.509967017576181E+002  0.628294256895060E+000  0.989559981553267E+001
 -0.501177157707850E+002 -0.173919151660904E+001 -0.967134376792110E+001
 -0.501085249607970E+002  0.967720805255155E+001  0.170086451441811E+001
 -0.494147402060870E+002  0.753512625216533E+001 -0.619480416504704E+001
 -0.493438730192464E+002 -0.581172266245087E+001 -0.782533523885265E+001
 -0.492915805192117E+002 -0.928808715452163E+001 -0.293919103081360E+001
 -0.489265263612070E+002  0.653878343488510E+001 -0.717088626191125E+001
 -0.484757177301367E+002 -0.835644394945454E+001 -0.484205801773165E+001
 -0.483785636377797E+002  0.796584643034327E+001  0.544303810302006E+001
 -0.481559006463356E+002 -0.786710965849874E+001 -0.554478428624671E+001
 -0.480236728398840E+002 -0.797989791458896E+001  0.535656800756679E+001
 -0.476241061511814E+002 -0.389063806295724E+001 -0.874273376196556E+001
 -0.474009062895180E+002 -0.914187472832774E+001 -0.274812388690538E+001
 -0.469031062740210E+002 -0.615945110146819E+001  0.722437682737035E+001
 -0.464868912692408E+002 -0.114963603934580E+001  0.937957170571771E+001
 -0.461351897361939E+002  0.656527458324125E+001  0.674476055810846E+001
 -0.457593588570464E+002  0.617651432761772E+001  0.704937120188794E+001
 -0.457373466968812E+002 -0.145517639222079E+001  0.925642484593630E+001
 -0.455680877075304E+002 -0.551507327037966E+001 -0.755277353722366E+001
 -0.454912334464312E+002 -0.840246607198198E+001 -0.408720890941916E+001
 -0.454354937285975E+002 -0.329256145673503E+000 -0.933203213211960E+001
 -0.449965951217709E+002  0.705862488069343E+000  0.926386497411634E+001
 -0.449234772239131E+002 -0.647831845307423E+001 -0.664850286422180E+001
 -0.448700014547005E+002  0.197015393430206E+001  0.906546977556797E+001
 -0.439156349621761E+002 -0.584912615801960E+001  0.706705306185714E+001
 -0.439153306632555E+002 -0.792345801901070E+001 -0.462317209442471E+001
 -0.428132011263839E+002 -0.903803442693654E+001 -0.514375171892032E+000
 -0.423372650739429E+002  0.896559899986408E+001 -0.785372897866475E+000
 -0.419625049422270E+002  0.632037162986215E+001  0.634839808235660E+001
 -0.418519951350097E+002  0.671825626863537E+001  0.590705246685199E+001
 -0.415999106508119E+002  0.578097769914509E+001  0.679001944112034E+001
 -0.410929698414434E+002  0.408251186469252E+000  0.885118729430208E+001
 -0.409619071875440E+002 -0.463362710742805E+001  0.753508859082475E+001
 -0.407726447847623E+002  0.508500183706957E+001 -0.721195478034250E+001
 -0.405336817825928E+002  0.802872476049150E+001  0.359599612800647E+001
 -0.402470621199231E+002 -0.160729661774960E+001  0.861597166253454E+001
 -0.397734380304498E+002 -0.172808855467790E+001 -0.853726138028303E+001
 -0.394851125996122E+002 -0.835284891434551E+001  0.235040125947100E+001
 -0.386317348644100E+002 -0.756277165665929E+001 -0.404872825282610E+001
 -0.384138781275956E+002 -0.852199923158190E+001  0.726313444244383E+000
 -0.374774642348941E+002  0.708842887921346E+001 -0.458621307412795E+001
 -0.370520682660964E+002  0.443218154055551E+001 -0.712629982465887E+001
 -0.362083204272065E+002  0.581044060250238E+001 -0.591436105816901E+001
 -0.353569933696267E+002 -0.313304726845004E+001  0.756453881079954E+001
 -0.352215683565750E+002  0.565021464548033E+001  0.590274995576900E+001
 -0.349394000614644E+002 -0.382184096436983E+001 -0.718307577804765E+001
 -0.348475062041763E+002  0.406317466815104E+001 -0.703632502742943E+001
 -0.337873189212511E+002  0.662269696356796E+001 -0.447646832206273E+001
 -0.334301025057037E+002  0.199519372195658E+001 -0.769439100192171E+001
 -0.331062303098084E+002  0.646396487585268E+001 -0.455564096154876E+001
 -0.325617123055175E+002 -0.616350719868612E+001  0.484343364669742E+001
 -0.324018175005816E+002 -0.680472943273839E+001  0.385013483082974E+001
 -0.322852897696707E+002 -0.751376000037239E+001 -0.210671214534084E+001
 -0.316349971323397E+002 -0.324529949111155E+001  0.700444654093753E+001
 -0.310511410608059E+002 -0.417732717770478E+001 -0.640128624880985E+001
 -0.309542486712382E+002 -0.416461515819898E+001 -0.639442912180259E+001
 -0.307486817583446E+002  0.689162264277886E+001  0.321358782879950E+001
 -0.303554646122337E+002 -0.327424709932818E+001  0.680547434233572E+001
 -0.302063468062346E+002 -0.746036199649151E+001 -0.103920082801918E+001
 -0.291143910129210E+002 -0.177563743693822E+001  0.716938906641053E+001
 -0.288509892124948E+002 -0.731592533669020E+001 -0.709549688285048E+000
 -0.288365840673306E+002 -0.105541161166673E+001  0.727210563260748E+001
 -0.287386469042780E+002 -0.272370891709962E+001  0.681050287501953E+001
 -0.274942063373269E+002  0.684948928950464E+001  0.209693943994487E+001
 -0.271875546569397E+002  0.214280631708296E+001  0.679026776118070E+001
 -0.264562224677926E+002  0.570071658350253E+001  0.409127379154045E+001
 -0.263793483089808E+002 -0.700469155712690E+001  0.131296133447266E+000
 -0.256652093785914E+002 -0.256770717715289E+001  0.640792825153042E+001
 -0.252643961809995E+002  0.621155734232029E+001 -0.287569011060777E+001
 -0.251618718927138E+002 -0.414718866554269E+001  0.542667631474395E+001
 -0.249471423858472E+002 -0.679537467505377E+001  0.203503475433521E+000
 -0.248565219757045E+002 -0.658564975165776E+001 -0.163294432455010E+001
 -0.239256160367805E+002 -0.568598997738376E+001 -0.344165598481805E+001
 -0.238823830317668E+002  0.438589907664479E+000  0.662545476353206E+001
 -0.238693499693628E+002  0.964052142434326E-001 -0.663729250828782E+001
 -0.238489710616177E+002  0.176311759519521E+000 -0.663257884641199E+001
 -0.237411624428670E+002  0.654058440630610E+001  0.101357110105846E+001
 -0.236530941823985E+002 -0.640605168519288E+001 -0.161025961838947E+001
 -0.235354743521558E+002 -0.393082223042799E+001 -0.528619250162779E+001
 -0.234591070770709E+002  0.411633237819380E+001 -0.512818367197943E+001
 -0.227730869193639E+002  0.892083719645694E+000 -0.640894736622576E+001
 -0.227661725324920E+002 -0.586913189561812E+001 -0.272210979279001E+001
 -0.226619795114281E+002  0.580978883229137E+001 -0.280972571868145E+001
 -0.226369921855662E+002 -0.623746482682665E+001 -0.164081162002654E+001
 -0.223610193390175E+002  0.638349561553335E+001 -0.545223139350153E+000
 -0.218086731679869E+002  0.443156385448549E+001 -0.450586662105892E+001
 -0.216361326600170E+002 -0.551709668370599E+001  0.302624443326305E+001
 -0.215870293495315E+002 -0.226632499964814E+001  0.586191739639976E+001
 -0.212731631946124E+002  0.422290597532195E+001  0.458668043142273E+001
 -0.208495745792820E+002  0.614678791211177E+001 -0.490299285398217E+000
 -0.208007756640528E+002 -0.208745227027632E+001 -0.579381913892772E+001
 -0.207804509408783E+002  0.597696542411990E+001  0.147004492033852E+001
 -0.207477390171292E+002  0.612224357228593E+001  0.581255144530589E+000
 -0.207464315337983E+002 -0.161923144282456E+001 -0.593255412696304E+001
 -0.207073003218883E+002  0.514250206832209E+000 -0.612163321636726E+001
 -0.206635827283653E+002 -0.360506437691720E+000  0.612547520052892E+001
 -0.205489511958019E+002  0.177452347689629E+001 -0.585433298410066E+001
 -0.201463088537775E+002  0.605049200109449E+001  0.917067032879526E-001
 -0.199962115447779E+002  0.227868287877311E+001 -0.557891327184099E+001
 -0.195879875976986E+002 -0.141992756284806E+001  0.578653841072906E+001
 -0.195552898307969E+002 -0.210369167275026E+001  0.556860008213702E+001
 -0.195162018069063E+002 -0.590307803039450E+001 -0.714366326241391E+000
 -0.191851143699293E+002 -0.555493393612056E+001  0.195887303630837E+001
 -0.187137562694792E+002 -0.382923793262313E+001  0.436906114188161E+001
 -0.186199209043634E+002 -0.575247461000949E+001 -0.687839761212155E+000
 -0.182190677761441E+002  0.534295343039271E+001  0.205310254496074E+001
 -0.180771760174581E+002 -0.467948727672596E+001 -0.325284440590961E+001
 -0.176232325765525E+002 -0.274506815152374E+001 -0.490258216287869E+001
 -0.175441632186047E+002 -0.458283060461263E+001 -0.322648972628406E+001
 -0.175417710623480E+002  0.366097520692874E+001 -0.424323561991676E+001
 -0.170604387165444E+002 -0.551100624092978E+001  0.271907176630320E+000
 -0.170471449723992E+002 -0.424673803076621E+000 -0.549892607451311E+001
 -0.169403608166314E+002  0.134958089412007E+001  0.532762601077349E+001
 -0.167413178097122E+002  0.179775453914844E+001 -0.515509069790018E+001
 -0.166144384452321E+002 -0.723352587584404E+000 -0.538793873310383E+001
 -0.165928503928685E+002  0.419523464852283E-001 -0.543214383586653E+001
 -0.164856129668676E+002 -0.422792479885921E+001 -0.337936735145913E+001
 -0.164550053823657E+002  0.539095213047331E+001 -0.414598310244891E+000
 -0.160902977727589E+002  0.232490566221012E+001  0.480621005310030E+001
 -0.160494816849891E+002  0.445355773883415E+000 -0.531270811091934E+001
 -0.160211313937466E+002 -0.530544601532002E+001 -0.467708491690523E+000
 -0.158670263650915E+002  0.244440674673728E+001  0.469927380069193E+001
 -0.158536756670242E+002  0.225703682898357E+001  0.478929869123253E+001
 -0.154887826101080E+002  0.467762004182211E+001  0.232845052164341E+001
 -0.154373483863054E+002  0.383837829175840E+001  0.353069323634183E+001
 -0.149018464541760E+002 -0.417462041923996E+001 -0.294965813795396E+001
 -0.147898198367828E+002 -0.494073333520605E+001  0.122190001683056E+001
 -0.147712987453423E+002 -0.262839328511505E+001  0.435412357388121E+001
 -0.147632249898489E+002  0.501386838012645E+001 -0.843694087716260E+000
 -0.147541733544230E+002  0.506090434587384E+001 -0.468870747586672E+000
 -0.142446185963050E+002 -0.550440005907264E+000  0.495080789969558E+001
 -0.142136058773135E+002  0.372132604589588E+001  0.330199789248043E+001
 -0.139920684620250E+002 -0.122839806045162E+001  0.477487392465078E+001
 -0.139649252344673E+002 -0.447368952654635E+001  0.205917419277373E+001
 -0.138888897344821E+002 -0.485644266857102E+001 -0.719020126998096E+000
 -0.136980284745810E+002  0.163163406826666E+001  0.458890761332312E+001
 -0.135656307966161E+002 -0.412628157582154E+001 -0.253560797787223E+001
 -0.129768567604554E+002  0.466057349741573E+001  0.746333747915909E+000
 -0.129205590910309E+002  0.190054565016817E+001  0.430735304808765E+001
 -0.128995364323432E+002 -0.466027579669499E+001 -0.636512553377090E+000
 -0.127937535447776E+002 -0.210059289063444E+001 -0.418321197939485E+001
 -0.127934232926591E+002 -0.271912375024753E+001  0.381017827448261E+001
 -0.127911774734231E+002 -0.447442707091545E+001  0.137335472514802E+001
 -0.127897241144378E+002 -0.190685350595344E+001 -0.427406174532961E+001
 -0.125584159037752E+002  0.462043876072048E+001  0.304340817445606E+000
 -0.124992748194788E+002 -0.121433364670896E+001  0.445513067155268E+001
 -0.124268377728651E+002  0.337262743398177E+001  0.313102309229189E+001
 -0.124185318924285E+002  0.716547400997449E+000  0.454399267980947E+001
 -0.124041454930984E+002 -0.150939859964574E+001  0.434214839921042E+001
 -0.122106590578876E+002 -0.449110184147551E+001  0.758662133266089E+000
 -0.121685443341291E+002 -0.388255483279307E+001  0.236370524934787E+001
 -0.120196223093090E+002 -0.313308095467563E+001  0.324765980626791E+001
 -0.119273106563474E+002 -0.230703225675976E+001  0.385440907872349E+001
 -0.117622651537453E+002 -0.287664167251830E+001 -0.340201541187028E+001
 -0.114425670942848E+002 -0.330407401223225E+001 -0.287966577530144E+001
 -0.113238234953660E+002 -0.347514702221871E+001 -0.262588004902696E+001
 -0.112639583400133E+002  0.418547597936144E+001 -0.115496899239598E+001
 -0.112111074558870E+002 -0.295023973320879E+001 -0.316899767995362E+001
 -0.109355176556027E+002  0.406192761691957E+001  0.130231532790369E+001
 -0.109259189763627E+002 -0.291491471337636E+001  0.311116634618735E+001
 -0.108157573800420E+002  0.192305051448199E+001 -0.377592867332207E+001
 -0.108088485265099E+002 -0.401713718741398E+001 -0.134333604794069E+001
 -0.107588493179413E+002 -0.291293700736100E+000 -0.421391652539243E+001
 -0.107049672109753E+002 -0.245056266457297E+001 -0.342475151158925E+001
 -0.107046568789674E+002  0.149332274080062E+001  0.393745435744008E+001
 -0.107004553124891E+002  0.211949681332128E+001  0.363770391187635E+001
 -0.103909450932093E+002  0.247004791013274E+001  0.331737838891630E+001
 -0.101549094024074E+002  0.369841694344824E+001 -0.171923726821258E+001
 -0.974006646142360E+001 -0.369042851259377E+001  0.147821384902977E+001
 -0.956509945732030E+001 -0.378639298184694E+001  0.105720053388282E+001
 -0.951389119983696E+001 -0.391660382327411E+001 -0.110646998919355E+000
 -0.950773992071168E+001  0.231159173222990E+001 -0.316168774107929E+001
 -0.933900492031072E+001 -0.283636890690906E+001 -0.263766319527764E+001
 -0.931937039675232E+001  0.222102917474641E+001 -0.316702006081604E+001
 -0.926167228921289E+001 -0.342455247669609E+001 -0.176636088610503E+001
 -0.925908016117483E+001  0.193967198323283E+001 -0.332867523002659E+001
 -0.922862670987058E+001  0.301201591487906E+001  0.238940566154802E+001
 -0.910325073432791E+001 -0.170475348310942E+001 -0.340948132384728E+001
 -0.906036050222215E+001 -0.221171292825915E-001  0.380058912594060E+001
 -0.902756038561116E+001  0.374332985560386E+001 -0.605679973705918E+000
 -0.897518025462951E+001  0.180730599120094E+001 -0.331786850713067E+001
 -0.895094840583507E+001  0.376677273734459E+001  0.193819049757769E+000
 -0.892152536553774E+001  0.191709528132543E+001 -0.323914221370050E+001
 -0.883431772633277E+001  0.125992317869612E+000  0.373858358950080E+001
 -0.873700230606277E+001  0.900764120659375E+000 -0.360373063341860E+001
 -0.870423143528871E+001  0.411518879283900E+000 -0.368284685396388E+001
 -0.867153748622138E+001 -0.309138748061610E+001 -0.202747238805220E+001
 -0.835118887484233E+001 -0.474983270086472E+000  0.357785054327370E+001
 -0.833242498334918E+001  0.233657936496098E+001  0.274399211097959E+001
 -0.827340554279726E+001 -0.284386917902610E+001 -0.218711340477837E+001
 -0.819494476299167E+001  0.309513450981284E+001 -0.177038915477086E+001
 -0.811313683011919E+001  0.190687057051056E+001 -0.298569324525150E+001
 -0.805536280379807E+001  0.218240168999095E+001 -0.276985456988307E+001
 -0.801919229792548E+001  0.231539836983037E+001  0.264604626792865E+001
 -0.778980212446222E+001 -0.243075134931715E+001 -0.244852976169345E+001
 -0.764919451630463E+001  0.181038114353828E+001  0.288879819560169E+001
 -0.757252302120527E+001  0.320495552467906E+001  0.109432718801142E+001
 -0.752386810445709E+001  0.300667331759507E+001  0.152705521752075E+001
 -0.747403660717151E+001 -0.101518250415527E+001 -0.320026929566581E+001
 -0.732476784776105E+001  0.281220844472990E+000 -0.330071149895554E+001
 -0.728878909242197E+001 -0.235721855904074E+001 -0.231200015504739E+001
 -0.721993115049505E+001 -0.115718131626442E+000  0.327882867533275E+001
 -0.715133810321350E+001  0.203286400044581E+001 -0.254840852872921E+001
 -0.714569893044716E+001  0.320278382894844E+001  0.598180134325743E+000
 -0.705011507825580E+001 -0.172409000932784E+001  0.272983326659868E+001
 -0.704852104289255E+001  0.187669140493520E+001  0.262665515886816E+001
 -0.699666985235300E+001  0.178586320044611E+001 -0.266988355573416E+001
 -0.687029611964838E+001  0.225266653924979E+001 -0.223390500456542E+001
 -0.685066486865821E+001  0.284405221178367E+001 -0.139174085991113E+001
 -0.680412855182992E+001 -0.314269301491052E+001  0.236608505497468E+000
 -0.677769300796243E+001 -0.272845006820036E+001 -0.156051020773451E+001
 -0.671560719227865E+001  0.282863741356602E+001 -0.132448882000308E+001
 -0.670379877352882E+001 -0.910067386245574E+000 -0.298389355821067E+001
 -0.655760759789162E+001  0.286420306511749E+001 -0.111166625600319E+001
 -0.652339445776610E+001  0.106217416710940E+001 -0.287103131669422E+001
 -0.639787465487138E+001  0.811295822015031E+000 -0.290891633879440E+001
 -0.631064720261669E+001  0.190586166520251E+001 -0.230504481204297E+001
 -0.629889128503652E+001  0.271857413710692E+001 -0.123749064574555E+001
 -0.628737754802901E+001  0.254894218772864E+001  0.154980472539494E+001
 -0.611314614316835E+001 -0.674425305373138E+000 -0.284529236827964E+001
 -0.608495693697710E+001  0.613976340770281E+000  0.284906875910530E+001
 -0.608004497835547E+001 -0.285154472238563E+001 -0.594162031879295E+000
 -0.604832864847295E+001  0.876274027298562E+000  0.276641410371064E+001
 -0.600455375874611E+001  0.241942409205141E+000  0.287659820887477E+001
 -0.598578872444170E+001 -0.739985678333532E-001  0.287929635988089E+001
 -0.596012916486596E+001 -0.155119879462618E+001  0.241625464230563E+001
 -0.594092047089776E+001 -0.285844416586841E+001 -0.188105713867760E+000
 -0.593488275758818E+001 -0.618775662645245E+000 -0.279483954131102E+001
 -0.590016170196407E+001 -0.279590806905615E+001 -0.554497376455597E+000
 -0.587139848396968E+001  0.259172313877261E+000 -0.282840459390805E+001
 -0.586561511878406E+001  0.108647248331548E+001  0.262203235062951E+001
 -0.585175383806452E+001  0.813695415630878E+000  0.271397371282252E+001
 -0.584983019904856E+001 -0.110020218470274E+001 -0.261026079502676E+001
 -0.577883553659102E+001  0.244290073685438E+001 -0.138352915771214E+001
 -0.574813299731920E+001  0.809986105403498E+000  0.267664610489937E+001
 -0.570846572601137E+001  0.258628732164128E+001 -0.102581441261158E+001
 -0.569075595234267E+001  0.250804065829264E+000  0.276457141206918E+001
 -0.566649649222998E+001  0.260298700316075E+001 -0.938987493536262E+000
 -0.553616158736684E+001 -0.245849039122787E+001 -0.116292477751368E+001
 -0.551722788065077E+001 -0.202973316954370E+000 -0.270508843868133E+001
 -0.550598106172667E+001 -0.178565339149352E+001  0.203657800147265E+001
 -0.545310663465889E+001 -0.267983467164105E+001 -0.221235777327237E+000
 -0.544981129787933E+001 -0.268510398044558E+001 -0.118680567639734E+000
 -0.543089140436483E+001 -0.762577357529594E+000 -0.256992304353538E+001
 -0.538254758526096E+001 -0.131526259659473E+001  0.231504326950969E+001
 -0.531371127221783E+001 -0.149079831394000E+001 -0.217466981373510E+001
 -0.528257205867473E+001  0.262279004973302E+001  0.101795577272593E+000
 -0.520429459163471E+001  0.126211613891662E+001 -0.226713429296479E+001
 -0.519800624573731E+001  0.246724902715633E+001 -0.795575638548645E+000
 -0.510957856648029E+001 -0.209586502518353E+001 -0.146654450882144E+001
 -0.510714503678957E+001  0.886812742114191E+000  0.239835341457100E+001
 -0.507872466824362E+001 -0.219625520079427E+001  0.128769495481370E+001
 -0.507595005059254E+001 -0.217359106956680E+001  0.132349833043561E+001
 -0.506626244144413E+001  0.188051936255215E+001 -0.170892295822136E+001
 -0.500553092456731E+001 -0.165955045205602E+001  0.189240587966657E+001
 -0.499489068374001E+001  0.354429476009734E-001 -0.251252284211043E+001
 -0.496583859979715E+001 -0.198915021892297E+001  0.151631278875248E+001
 -0.496580599147241E+001 -0.219960293468342E+000 -0.249148054767109E+001
 -0.491954771496004E+001 -0.239845082257695E+001  0.640917271401971E+000
 -0.489387501076661E+001 -0.188192667235395E+001 -0.160323045398885E+001
 -0.478491613701475E+001  0.223876368202219E+001  0.939156705384811E+000
 -0.473840599885047E+001 -0.105437510576031E+001  0.216549093769408E+001
 -0.470384554039511E+001  0.217336027924203E+001 -0.100421215118347E+001
 -0.466352607881542E+001  0.234442590194540E+001 -0.393656214354150E+000
 -0.463754398188986E+001  0.189717357217185E+001 -0.141423699145996E+001
 -0.462427630184209E+001  0.101754991220596E+001 -0.213011517224659E+001
 -0.462220537558557E+001 -0.787601970751279E+000 -0.222448640230080E+001
 -0.456219185141865E+001 -0.170100631485306E+001  0.159850151293285E+001
 -0.455447787807013E+001  0.118037048125441E+001 -0.200995700210348E+001
 -0.455255742948614E+001  0.228724038946172E+001  0.444850679406718E+000
 -0.450277228583480E+001  0.225027558508130E+001  0.515800571963553E+000
 -0.449409697914719E+001  0.174335202916583E+001  0.150770140541125E+001
 -0.446681080597845E+001 -0.105051703046778E+001 -0.203820544789660E+001
 -0.435568816954221E+001 -0.223566520585790E+001  0.193451010806569E+000
 -0.429701797071291E+001  0.408904596903042E+000  0.217969696041415E+001
 -0.428121979263256E+001 -0.193651465551676E+001 -0.106611277143426E+001
 -0.427905750802739E+001  0.155387004946919E+001  0.157093881249357E+001
 -0.425859833464006E+001 -0.168002129131844E+001  0.142090499231235E+001
 -0.425177538777204E+001  0.180095111828657E+001  0.125871828153393E+001
 -0.418934841427380E+001  0.500878807348364E+000 -0.210999125971606E+001
 -0.418638505637657E+001 -0.941336939477644E+000 -0.195215284911539E+001
 -0.417841071121229E+001 -0.211290802999040E+001  0.465496451552504E+000
 -0.416076746174864E+001 -0.865449127520948E+000 -0.197402598725341E+001
 -0.414984723699604E+001  0.180925051640413E+001 -0.116213291411300E+001
 -0.414176627977278E+001 -0.160123940921236E+001  0.142961910350698E+001
 -0.407304388261673E+001  0.173134082255441E+001 -0.121358666298349E+001
 -0.403918217277816E+001 -0.151777826023819E+001  0.144877857710761E+001
 -0.402913157522555E+001  0.121983123795941E+001 -0.170132911822811E+001
 -0.402048822209204E+001  0.589797946149700E+000 -0.200433547443610E+001
 -0.400652697788749E+001 -0.437700456360078E+000  0.203610366471319E+001
 -0.397288884256451E+001 -0.831130762776390E+000 -0.189188932220599E+001
 -0.393400566875182E+001 -0.109217083329979E+001  0.173188338971600E+001
 -0.392599557351247E+001  0.174185651466492E+001 -0.106872489281649E+001
 -0.392060085981414E+001 -0.109390718623762E+001 -0.172302485609096E+001
 -0.391041138014961E+001 -0.162513661341232E+001 -0.122637662046667E+001
 -0.388015163857252E+001 -0.162000685782774E+001 -0.120835711812255E+001
 -0.386383351050654E+001  0.158380425359580E+001  0.124236748769687E+001
 -0.386288840106537E+001  0.800492256175076E-001  0.201087413598914E+001
 -0.381594358730583E+001 -0.117772993231390E+001  0.160283662558755E+001
 -0.374902421430552E+001  0.175133585268253E+001  0.868974698654165E+000
 -0.372251565555757E+001  0.555671850770489E+000  0.186024352506809E+001
 -0.372101619838501E+001  0.147889879504502E+001 -0.125663702713461E+001
 -0.368042474483242E+001  0.184965205433668E+001 -0.513695079530887E+000
 -0.367474589908658E+001  0.151403708424088E+001  0.117534223649873E+001
 -0.366674592813223E+001 -0.988121079517500E+000  0.163748418485766E+001
 -0.364113692658014E+001 -0.189702431123096E+001  0.884221857923002E-001
 -0.360707009453590E+001  0.187957594169044E+001 -0.747016443701991E-001
 -0.359065734967280E+001  0.493947206219339E+000  0.180598358907135E+001
 -0.358580441394569E+001 -0.186894207971963E+001 -0.539462484882147E-001
 -0.356542423327918E+001 -0.146041190677413E+001  0.114990929915886E+001
 -0.354625722985378E+001 -0.184244427616793E+001 -0.148860391323241E+000
 -0.347015223679209E+001 -0.180014827834631E+000 -0.179781673218523E+001
 -0.345423885047993E+001  0.114469834678530E+001 -0.138650252903057E+001
 -0.345378344475734E+001 -0.820456412969396E+000 -0.159958245524055E+001
 -0.344680312090694E+001 -0.165764768317685E+001  0.685606496070180E+000
 -0.343814356639052E+001  0.149922798738780E+000 -0.178271033944965E+001
 -0.343781672984803E+001  0.138709072842848E+001  0.112953912636310E+001
 -0.342342963858905E+001 -0.152390183915263E+001 -0.921318798780661E+000
 -0.341908653667252E+001  0.175937382217976E+001  0.258887416370403E+000
 -0.340460067990739E+001 -0.114453283494938E+001  0.135036728956192E+001
 -0.339598522562255E+001 -0.106329059739636E+000  0.176207560833277E+001
 -0.337749268366352E+001  0.474687188473453E+000  0.168934996599506E+001
 -0.337358818310669E+001 -0.126286713133402E+001  0.121514971998962E+001
 -0.335854342536342E+001 -0.159649567350124E+001 -0.701807867154498E+000
 -0.333451418872638E+001 -0.817463619096786E+000 -0.152480407793501E+001
 -0.330591985009388E+001  0.716329781199043E-001  0.171200300344793E+001
 -0.329942006479378E+001 -0.134253385320504E+001  0.105862592532362E+001
 -0.325420547820442E+001  0.767583422190217E+000  0.149782259081939E+001
 -0.325263533837745E+001  0.472978406814699E+000 -0.161425152024808E+001
 -0.325192054360309E+001 -0.148285507589318E+000  0.167514129631696E+001
 -0.324527233457364E+001 -0.157634501972051E+001  0.574392648917897E+000
 -0.322913181214269E+001 -0.160963984006752E+001 -0.437686048137358E+000
 -0.322220480816005E+001  0.532192701290022E-001 -0.166307642421758E+001
 -0.321990315963538E+001  0.131613549873755E+001 -0.101579502627987E+001
 -0.321110215830816E+001 -0.352974497287859E+000 -0.161921560888661E+001
 -0.320564143411099E+001  0.212697657257777E+000  0.164020987742433E+001
 -0.318893013641526E+001  0.115675083496727E+001 -0.116791850992025E+001
 -0.313250603567349E+001 -0.144599007294820E+001 -0.705953714816744E+000
 -0.312805699870448E+001 -0.156650837675420E+001 -0.355543766854639E+000
 -0.312256215674326E+001 -0.953153120857623E+000 -0.128874718578440E+001
 -0.311290909352970E+001  0.112354393293030E+001  0.113477446438322E+001
 -0.308489854063208E+001  0.149878299009184E+001  0.497687147771398E+000
 -0.307826815321502E+001 -0.157504865817247E+001 -0.197433544662928E-002
 -0.307371969390688E+001  0.155016481439318E+001 -0.262057824177104E+000
 -0.307219115668314E+001 -0.153121142211839E+001 -0.352164395306723E+000
 -0.306763150602791E+001 -0.481013033098439E+000  0.149269398780412E+001
 -0.306700054782156E+001  0.839328354131256E+000  0.132430165626105E+001
 -0.306072603687501E+001 -0.198080397672667E+000  0.155127756929221E+001
 -0.305413989397102E+001  0.105673850003071E+001 -0.114709607168545E+001
 -0.302118176819849E+001  0.146824574856915E+001  0.459199113007541E+000
 -0.302052331101338E+001 -0.133466650087274E+001 -0.764171329386411E+000
 -0.301729922088606E+001 -0.141302942687404E+001  0.601824017252087E+000
 -0.297163798619664E+001  0.352963158422455E-001  0.150541556045583E+001
 -0.296646242205808E+001  0.150194627399657E+001  0.364431245269614E-001
 -0.296477264906486E+001 -0.138354398376083E+001 -0.582749697820807E+000
 -0.294512256804881E+001 -0.223601147769870E-003 -0.148811657919716E+001
 -0.294023896894065E+001 -0.709563390363819E-001 -0.148313485665100E+001
 -0.293735209238375E+001  0.486042757559073E+000 -0.140096841141161E+001
 -0.293592910271461E+001 -0.137678375261615E+001  0.548243167894263E+000
 -0.293529609273314E+001  0.105237501369230E+001  0.104275830526720E+001
 -0.293348036834784E+001  0.144520358698560E+001  0.320301726565670E+000
 -0.292132697033085E+001 -0.713306067422664E+000 -0.128767009052048E+001
 -0.291109859204775E+001  0.146448173031427E+001  0.416690874936183E-001
 -0.290036524642605E+001 -0.127348413457193E+001  0.709376147771392E+000
 -0.288374036870932E+001  0.144611509113673E+001 -0.218574423611084E-001
 -0.287471812728225E+001  0.918578723289563E+000 -0.110900642507856E+001
 -0.285572644604984E+001  0.135727925916102E+001 -0.439876996366388E+000
 -0.284596286606380E+001 -0.905839316636932E+000 -0.109344717830522E+001
 -0.283607334637975E+001 -0.406185431571782E+000  0.135329448203990E+001
 -0.281864503425489E+001  0.399930919858395E+000 -0.134223365888071E+001
 -0.281672118592740E+001  0.137156801349350E+001 -0.276567213164556E+000
 -0.278869631688421E+001  0.967391895025784E+000  0.982746876051078E+000
 -0.277395101536702E+001 -0.123834444956495E+001  0.581937214952807E+000
 -0.276501976042115E+001  0.128324059549888E+001 -0.455608342864021E+000
 -0.275383782132119E+001  0.122248733495905E+001 -0.580901218528943E+000
 -0.275043617976944E+001  0.196447881746778E+000  0.133661006149041E+001
 -0.272777644608483E+001  0.432601763826575E+000 -0.126200414947222E+001
 -0.272287166453973E+001  0.764445004234005E+000 -0.108885859126079E+001
 -0.271883312875109E+001 -0.352439567367883E+000  0.127972593786210E+001
 -0.271268546110727E+001  0.127692063208585E+001 -0.345094898179209E+000
 -0.270829626826429E+001  0.816907571326345E+000 -0.103609865535073E+001
 -0.270515240728307E+001  0.131246320690764E+001 -0.109503480589302E+000
 -0.269165793293877E+001 -0.663803053089820E+000 -0.112557862442723E+001
 -0.266832119000637E+001 -0.124059270545511E+001  0.349024334918958E+000
 -0.265850766732833E+001  0.122747355635702E+001 -0.366837662028075E+000
 -0.265306936364980E+001  0.873925606436501E+000  0.930934277430744E+000
 -0.262858072304334E+001  0.116632283469457E+001 -0.470210972370930E+000
 -0.262173843919688E+001  0.417872973586812E+000  0.118029865861179E+001
 -0.261372770712296E+001 -0.470144759340130E-002  0.124566415129350E+001
 -0.260771586248919E+001 -0.116205539214627E+001  0.435091780827314E+000
 -0.260321789053823E+001 -0.101704893026876E+001 -0.704480746150637E+000
 -0.260273970877966E+001  0.659857075986777E+000 -0.104609460566949E+001
 -0.259913953649569E+001 -0.889845497952038E+000 -0.854809879415992E+000
 -0.259351636866741E+001  0.104380994003025E+001  0.649414669999199E+000
 -0.259297965826408E+001  0.609505935943293E-001 -0.122739162814889E+001
 -0.258846358075135E+001 -0.227042269380888E+000  0.120400366967813E+001
 -0.257916180927592E+001  0.345089527969224E+000  0.116768262101443E+001
 -0.256289379948656E+001 -0.917997223977057E+000  0.779303896387566E+000
 -0.256150584708188E+001 -0.119092728012644E+001  0.170146333477128E+000
 -0.255585045500125E+001  0.686946151945438E+000  0.981861375913706E+000
 -0.254988800443373E+001  0.897177526371784E+000 -0.786825496677748E+000
 -0.254338544068557E+001  0.989903956556923E+000  0.656587317380867E+000
 -0.252624777449358E+001  0.727738926358061E+000  0.920400712315935E+000
 -0.251849246578114E+001  0.116513725446208E+001  0.607122475960526E-001
 -0.251685572840328E+001  0.856000840547122E+000  0.790708470278709E+000
 -0.251166070454755E+001 -0.462047146500979E+000 -0.106493178687027E+001
 -0.249964285532392E+001  0.108927162704535E+001  0.370160641266921E+000
 -0.247466153919352E+001 -0.540314077174061E+000  0.990772246066618E+000
 -0.247069128706720E+001 -0.469710590135181E+000 -0.102225261204390E+001
 -0.245792787353722E+001  0.494317260404344E+000  0.997873769733470E+000
 -0.244728632967474E+001  0.951903422328185E+000  0.559194421548252E+000
 -0.244427092850178E+001 -0.768506550613967E+000 -0.788787300765094E+000
 -0.244147963318802E+001  0.109639581189256E+001 -0.715636585273689E-001
 -0.243677320010779E+001 -0.117893899595721E+000  0.108806860805512E+001
 -0.243603487875601E+001  0.305962930842476E+000 -0.105009633350641E+001
 -0.242459828224111E+001  0.101411160874809E+001 -0.380815016334543E+000
 -0.242022896110652E+001 -0.451571432792889E+000  0.980197444640480E+000
 -0.240656777750474E+001 -0.386136660185185E+000  0.994122679477647E+000
 -0.240382001135151E+001 -0.106127389696681E+001  0.747235270929494E-001
 -0.240343536643816E+001 -0.766063560149384E+000  0.737741975130119E+000
 -0.240301541366094E+001  0.849170967150684E+000 -0.639675982862858E+000
 -0.239917273239928E+001 -0.929978886179880E+000 -0.507671747529336E+000
 -0.239785930769262E+001  0.422844411341307E+000  0.970137663614800E+000
 -0.238610681142778E+001 -0.732320662117063E+000  0.748442341047918E+000
 -0.235985884817781E+001  0.243787853557270E+000  0.992235378322533E+000
 -0.235324499788737E+001  0.472166969973971E+000 -0.898773728711316E+000
 -0.235202718318356E+001 -0.575953120320067E+000 -0.834612626756872E+000
 -0.233250911739801E+001 -0.901881079647616E+000  0.419374081401063E+000
 -0.233250627607893E+001  0.994498730559993E+000  0.151886225096671E-001
 -0.233233006202290E+001  0.968895572239628E+000  0.223936065254261E+000
 -0.232199885644040E+001  0.169687615782848E+000  0.969252130826666E+000
 -0.231778208669271E+001  0.845895669157825E+000 -0.494237349323956E+000
 -0.230927448383010E+001  0.937670060125113E+000 -0.252130309932149E+000
 -0.229245466758225E+001  0.223620414542152E+000  0.926902968247376E+000
 -0.229151615845877E+001 -0.800343732128820E+000 -0.516457253353039E+000
 -0.229002009825808E+001  0.302748163498537E+000  0.901459712464026E+000
 -0.228576622167404E+001  0.930735969302832E+000  0.171781448286200E+000
 -0.228244461146164E+001 -0.942278959711256E+000  0.352909647084960E-001
 -0.226650311351080E+001  0.642883034792677E+000 -0.666298354927186E+000
 -0.226470344312413E+001 -0.279750930677693E+000 -0.880563552626693E+000
 -0.226261981471219E+001 -0.903515482369066E-002 -0.921631088116612E+000
 -0.226185472258488E+001  0.754409264478557E-001  0.917749409679871E+000
 -0.225867102098206E+001  0.856098387856427E+000  0.329671745005628E+000
 -0.224014588562855E+001  0.427376786411012E+000 -0.788597946278964E+000
 -0.223643397189206E+001  0.892492923870849E+000  0.238786893670149E-001
 -0.223506016473354E+001 -0.150129836815040E+000 -0.878536982002629E+000
 -0.222974881030345E+001 -0.424994782300447E+000 -0.776609891004226E+000
 -0.222238337967729E+001  0.993553637020383E-002  0.876877364089710E+000
 -0.221830008309980E+001  0.935195216770524E-002 -0.872214752438614E+000
 -0.221418443740914E+001 -0.664036578746611E+000 -0.558274273172323E+000
 -0.221249016639350E+001  0.134446886484383E+000 -0.855073233520359E+000
 -0.221135344094238E+001  0.753892404328194E+000  0.422609739313147E+000
 -0.221044227779736E+001  0.850716376124311E+000  0.146328637559257E+000
 -0.220724771346326E+001  0.756183589736461E+000  0.408567831236260E+000
 -0.220602471460178E+001  0.809764941812968E+000 -0.283859182334337E+000
 -0.220560579187570E+001  0.684005565342066E+000 -0.517294729833765E+000
 -0.220347993123423E+001  0.278100413213251E+000  0.808619743649871E+000
 -0.220238239791953E+001 -0.341602304795369E+000 -0.782507845570164E+000
 -0.219813881494206E+001 -0.814657212719144E+000 -0.238447316676238E+000
 -0.219131390104338E+001  0.783582231375659E+000  0.304749989237740E+000
 -0.218058798470597E+001 -0.716667411642922E+000  0.414499285502734E+000
 -0.217541910940192E+001 -0.821381917670838E+000  0.203919422452969E-001
 -0.217492574357967E+001 -0.297187312795927E+000  0.765360735505679E+000
 -0.216863539912012E+001  0.218114531239667E+000 -0.783544967875907E+000
 -0.216799536181734E+001 -0.765979233590873E+000 -0.271131710656501E+000
 -0.216648589317436E+001  0.810053601947288E+000  0.321063156131469E-001
 -0.216625373410831E+001 -0.694471018537779E+000 -0.417688089139521E+000
 -0.216613492937622E+001 -0.809818892671144E+000 -0.266286876626101E-001
 -0.216194460321733E+001  0.435768709336443E+000 -0.676934786799448E+000
 -0.215518145136588E+001 -0.170461659807051E+000  0.778171955578520E+000
 -0.215438109436759E+001 -0.780002306494385E+000  0.156858081653247E+000
 -0.215100890005268E+001  0.791321950553627E+000  0.855791205129641E-002
 -0.214513615410224E+001  0.728455975200710E+000  0.289603293455343E+000
 -0.214131901086130E+001  0.380161250302926E-001 -0.778099391557136E+000
 -0.213697569716384E+001 -0.457538484877126E+000  0.623583030851005E+000
 -0.213042398163330E+001 -0.586569903527607E-001  0.762661909321986E+000
 -0.212669307561674E+001  0.556519021519080E-001 -0.757980794084965E+000
 -0.212317057458011E+001  0.382249124255949E+000 -0.651515635535402E+000
 -0.212234190668801E+001  0.135673171871385E+000  0.741972014965315E+000
 -0.212141560891649E+001 -0.568933182287124E+000  0.493347868250112E+000
 -0.212098606333293E+001 -0.698406894380621E+000 -0.280081780429903E+000
 -0.211379317962421E+001  0.740846288243734E+000 -0.545802494059071E-001
 -0.211227569927408E+001  0.352599487254492E+000  0.651514287884270E+000
 -0.211153605575662E+001 -0.607885877008060E+000 -0.421654763080758E+000
 -0.211066369572257E+001 -0.263220527350009E+000 -0.690136372471436E+000
 -0.210535584387104E+001  0.190169123510138E+000 -0.706252971241021E+000
 -0.210472004459378E+001  0.140576438591815E+000  0.716885082340056E+000
 -0.210128686682351E+001 -0.653528973450495E+000  0.315783916134238E+000
 -0.209998516156286E+001 -0.664543953955251E+000  0.287397848928180E+000
 -0.209874662688834E+001  0.229115750361354E+000  0.685014666919141E+000
 -0.209707338800477E+001 -0.453155562763463E-002  0.719980630430042E+000
 -0.209459265706459E+001 -0.715690912331247E+000  0.348955486697573E-001
 -0.209421018356485E+001  0.512763467797113E+000 -0.499739792695838E+000
 -0.209300289478631E+001 -0.691746402043590E+000 -0.178153226223033E+000
 -0.209267596477732E+001  0.282918969534887E-001  0.713300333171610E+000
 -0.208800555071338E+001  0.261159235979710E+000 -0.657307250888481E+000
 -0.208680350455814E+001  0.516293748606312E+000 -0.480929975617691E+000
 -0.208651099259263E+001  0.604472292854048E-001 -0.702576675415777E+000
 -0.208512923012842E+001  0.641876656404891E+000 -0.287225843894007E+000
 -0.207739857041919E+001  0.559376729480990E+000  0.407603585036792E+000
 -0.207509810807087E+001 -0.584054516834307E+000 -0.365133406700194E+000
 -0.207070057951087E+001 -0.280285380539015E+000 -0.622163267687146E+000
 -0.206642759580273E+001  0.601190073461034E+000  0.309308186698441E+000
 -0.206618409133630E+001 -0.581773023673332E+000 -0.343735652471342E+000
 -0.206442662986725E+001  0.250991212962365E+000  0.624581890492738E+000
 -0.206340280011157E+001  0.648712183580804E+000  0.173850425016063E+000
 -0.205862379575572E+001  0.373379300890319E+000  0.549619283103681E+000
 -0.205200425563087E+001  0.389284567731190E+000  0.526034127951204E+000
 -0.205186212003216E+001  0.300043197757875E+000  0.581329671292337E+000
 -0.205135298134156E+001  0.646742697305758E+000 -0.931435094148405E-001
 -0.205028937141834E+001  0.424075281347532E+000  0.494959357693132E+000
 -0.204915828539889E+001 -0.641330327706569E+000 -0.106103010055689E+000
 -0.204675044055364E+001  0.578358895369945E+000  0.288526838327115E+000
 -0.204539864158946E+001 -0.146673478862253E+000  0.627319727857067E+000
 -0.204537457748798E+001  0.594962537324996E+000 -0.247011338478760E+000
 -0.204304027620278E+001 -0.271020380603554E+000 -0.580408798076295E+000
 -0.204057613979757E+001 -0.591354364778530E+000  0.236004580535692E+000
 -0.203719567134519E+001  0.464588239333702E+000 -0.427545293208219E+000
 -0.203662233320795E+001 -0.558276534127192E+000  0.292946829715122E+000
 -0.203007825947934E+001 -0.415717237480527E+000 -0.459979961086956E+000
 -0.202485879126928E+001 -0.240615016029615E-001  0.611051956760207E+000
 -0.202210330810237E+001 -0.295125215173549E+000  0.530427743198645E+000
 -0.202207926019297E+001 -0.397857131103528E+000 -0.458382035858000E+000
 -0.202125310742969E+001  0.576757833158439E-001  0.602847896288605E+000
 -0.201755406517520E+001 -0.204920245156679E+000 -0.563348640414299E+000
 -0.201660417759191E+001  0.567545175630187E+000  0.188007170033552E+000
 -0.201324501769162E+001  0.173449823885647E+000  0.566260594742909E+000
 -0.201009527446545E+001  0.403807959811385E+000 -0.425882081925476E+000
 -0.200924551856519E+001  0.229035633961876E+000 -0.538776004186683E+000
 -0.200764818282284E+001 -0.451879491059779E+000  0.367895580819527E+000
 -0.200701461007065E+001  0.228923582158023E+000  0.534667261812945E+000
 -0.200280380360119E+001  0.269117566354744E-001 -0.573697857533460E+000
 -0.200250487899183E+001  0.510148237635184E+000  0.262686887382447E+000
 -0.200249205403179E+001 -0.226202634871168E+000 -0.527316170074675E+000
 -0.199997331701648E+001 -0.500887479324589E+000  0.270747547117479E+000
 -0.199982596541688E+001 -0.343710274735567E+000  0.453608912011516E+000
 -0.199673100141596E+001 -0.555549972995085E+000  0.952475591203328E-001
 -0.199595304844682E+001 -0.335829696595978E+000  0.450966050783425E+000
 -0.199474676839329E+001  0.499230979845464E-001  0.557895230536630E+000
 -0.199420586031868E+001 -0.181389577576052E+000  0.528919094914757E+000
 -0.199370296162609E+001 -0.556574658721914E+000  0.433178912469305E-001
 -0.199367014915305E+001  0.918060093537569E-001  0.550597695358363E+000
 -0.199144435644546E+001  0.465299514349137E+000 -0.301049733463902E+000
 -0.199060084806949E+001  0.526717066672639E+000  0.167381883715255E+000
 -0.198979194053519E+001  0.524427436696392E+000 -0.169722160873985E+000
 -0.198645638011737E+001 -0.525823782745917E+000 -0.143763614711181E+000
 -0.198244528533874E+001 -0.274125700048858E+000  0.462592194520743E+000
 -0.198137129399347E+001 -0.212122129657097E+000  0.491927491890818E+000
 -0.198065834806546E+001  0.493396037413273E+000  0.205238674662224E+000
 -0.197938792790606E+001  0.371377020391456E+000  0.380921030816872E+000
 -0.197851397310598E+001  0.483203991704032E+000 -0.218604015961624E+000
 -0.197714895366261E+001  0.446771286420216E+000 -0.280961193293583E+000
 -0.197545676891394E+001  0.448684070688595E+000  0.271738863101149E+000
 -0.197363923217571E+001 -0.258625370530577E+000  0.452368488348448E+000
 -0.197283606086360E+001  0.339794119098729E+000 -0.393011380922259E+000
 -0.197181739359638E+001  0.511731686405648E+000  0.775328027514934E-001
 -0.197169406522430E+001 -0.333999773545663E-001 -0.516254238861661E+000
 -0.196757723358866E+001  0.352475987467409E+000 -0.367642506543376E+000
 -0.196743093150807E+001  0.456452445709004E+000  0.225297347973095E+000
 -0.196699294129606E+001 -0.132575681488946E+000  0.490566446519903E+000
 -0.196566702650796E+001 -0.440328688285106E+000 -0.248375857261431E+000
 -0.196123227942421E+001 -0.306668646210928E+000 -0.390723389958785E+000
 -0.196041237543143E+001  0.259238806228886E+000  0.421741460363091E+000
 -0.195923604243405E+001 -0.582345023266058E-001 -0.489210276658387E+000
 -0.195918266244896E+001  0.144071027395739E+000 -0.471014576360833E+000
 -0.195821334663896E+001 -0.128552173845032E+000 -0.473441547668710E+000
 -0.195720182544072E+001 -0.406338408365984E+000 -0.271180043420145E+000
 -0.195703850109673E+001  0.165747143635132E+000  0.459184879707029E+000
 -0.195459719317046E+001 -0.124744021761442E+000 -0.466775301999803E+000
 -0.195450992490913E+001 -0.402917012071830E+000  0.266314848220446E+000
 -0.195299469527446E+001  0.406365184924685E+000 -0.255152100150802E+000
 -0.195272722828806E+001  0.323544443149821E+000 -0.353580707992259E+000
 -0.195166717914607E+001  0.338771173758461E+000 -0.335878426374428E+000
 -0.194992968080050E+001  0.262887785689873E+000  0.393694349613225E+000
 -0.194979120282003E+001  0.469630935530683E+000 -0.572281155896626E-001
 -0.194967491889146E+001  0.445090596561474E+000  0.159656086062471E+000
 -0.194829963688181E+001 -0.237249527970704E+000  0.405657247467117E+000
 -0.194688269533854E+001 -0.367116376000215E+000 -0.288507927674180E+000
 -0.194633306187702E+001 -0.856746366391370E-002  0.465659306254826E+000
 -0.194579604153423E+001 -0.423592026087583E+000 -0.190808138413377E+000
 -0.194199366182986E+001  0.372780514363434E+000 -0.263187915664751E+000
 -0.193911620109359E+001  0.362019402246833E+000 -0.267245620666319E+000
 -0.193790189054885E+001 -0.404740273280417E+000  0.190354825165821E+000
 -0.193702208598079E+001  0.445075316961924E+000 -0.140712961073088E-001
 -0.193557465324397E+001  0.278231037424188E+000  0.343486045543505E+000
 -0.193439612034003E+001  0.111927651067360E+000 -0.424865047736223E+000
 -0.193388287257786E+001  0.371569441886786E+000  0.232266575711979E+000
 -0.193352247886745E+001 -0.191803249757569E+000 -0.393067854573024E+000
 -0.193297685484026E+001  0.428935742484107E+000  0.788270618597089E-001
 -0.193157479686189E+001  0.359535324576690E+000 -0.241101246961971E+000
 -0.192877009255877E+001  0.163823787958677E-001  0.426048905601025E+000
 -0.192847173930359E+001  0.385329799593180E+000  0.180859866565180E+000
 -0.192534792404361E+001 -0.256344773130408E+000 -0.330498218689964E+000
 -0.192339058531566E+001  0.411223169491707E+000  0.438468093004225E-001
 -0.192309047231652E+001  0.328076896134586E+000  0.250584041864283E+000
 -0.192305894995962E+001  0.163725834039717E+000  0.378889981879357E+000
 -0.192240999835078E+001  0.380214427207518E+000  0.156533872456196E+000
 -0.192185159630922E+001 -0.471994328938408E-003  0.409815613442316E+000
 -0.192120487276846E+001 -0.124322057548833E+000 -0.388843977354750E+000
 -0.192056693638493E+001 -0.385773395867567E+000  0.128680328690786E+000
 -0.191994568452456E+001 -0.780143044011918E-001  0.397556291032128E+000
 -0.191962634500428E+001 -0.396315450029917E+000 -0.802036237177361E-001
 -0.191842531543832E+001 -0.375630968572505E+000  0.141413837750150E+000
 -0.191744792439942E+001 -0.309696017562962E+000  0.251455945815160E+000
 -0.191744742323220E+001 -0.391419051908526E+000 -0.770184357717838E-001
 -0.191729467287702E+001  0.244244084772367E+000 -0.314928626817329E+000
 -0.191638735192738E+001 -0.178691263167085E+000 -0.353680651865252E+000
 -0.191555587729673E+001  0.393993241688023E+000  0.112670883080686E-001
 -0.191513915759375E+001 -0.287505292900955E+000  0.268076274449550E+000
 -0.191432804691624E+001 -0.311014898785711E-001 -0.389787965875191E+000
 -0.191357729007508E+001 -0.137858381585668E+000  0.363861943541842E+000
 -0.191312879667132E+001  0.324114018201268E+000  0.213198413993569E+000
 -0.191206156450945E+001 -0.384237505777548E+000 -0.270284175278750E-001
 -0.191114915700575E+001  0.284489238574528E+000  0.256144596523328E+000
 -0.191069075022052E+001 -0.378632797190869E+000  0.475875247703925E-001
 -0.191064100900647E+001 -0.932500614649676E-001 -0.369908517381020E+000
 -0.191026269671161E+001  0.312726655334640E+000  0.216733245367996E+000
 -0.190856905046619E+001 -0.205316132831410E+000  0.315006751852776E+000
 -0.190840933940648E+001  0.338468992309528E+000 -0.162798302323003E+000
 -0.190758231579721E+001 -0.125187650332233E+000 -0.351764908681950E+000
 -0.190757659282485E+001 -0.371670775987095E+000 -0.354948884794215E-001
 -0.190735003923791E+001  0.372434869692048E+000 -0.154341664690296E-001
 -0.190519336728787E+001  0.271517147294411E+000 -0.246801621717012E+000
 -0.190514382284585E+001 -0.363208802769877E+000  0.511163228673936E-001
 -0.190456150875019E+001  0.228310535494185E+000 -0.285031900081471E+000
 -0.190450561491732E+001  0.198368204658923E-001 -0.364504591973489E+000
 -0.190330957918790E+001 -0.263318371023784E+000  0.248049311707350E+000
 -0.190328769575649E+001 -0.227630279145002E+000 -0.281079552281316E+000
 -0.190146638646926E+001 -0.315019870501082E+000 -0.167155978981658E+000
 -0.190123300891145E+001 -0.353224822696781E+000 -0.440920586390483E-001
 -0.190053602327040E+001 -0.288653341262433E+000  0.204932091923499E+000
 -0.190046834930225E+001  0.378425654588384E-001 -0.351781901219070E+000
 -0.190005272420190E+001 -0.441136351845319E-001  0.349864692096682E+000
 -0.189915748992174E+001 -0.224558834882348E+000  0.268578064445093E+000
 -0.189879516012910E+001  0.311487843714234E+000  0.157516699615503E+000
 -0.189878928465535E+001  0.168602910567323E+000  0.305610037531892E+000
 -0.189764432880847E+001 -0.239851692286736E+000  0.249009418507507E+000
 -0.189670243242498E+001  0.581092745793690E-001  0.338044441219107E+000
 -0.189652314684096E+001  0.196629506888279E+000 -0.280408626622123E+000
 -0.189569524764441E+001  0.333781307105383E+000  0.650107798534467E-001
 -0.189551401460232E+001  0.325085592110707E+000 -0.979451590839613E-001
 -0.189498928762895E+001  0.333536103823477E+000  0.545720614002381E-001
 -0.189425196129731E+001  0.332982727478647E+000 -0.432700008875919E-001
 -0.189381687564864E+001  0.671973708927514E-001 -0.327664663678711E+000
 -0.189355762178657E+001 -0.236779933833919E+000  0.235151809876195E+000
 -0.189266992978354E+001 -0.326042828686566E+000  0.572870021073761E-001
 -0.189219387300582E+001  0.279425938896283E+000 -0.174799192975456E+000
 -0.189200305119727E+001  0.250511213741644E+000 -0.213298151341110E+000
 -0.189172509354910E+001 -0.328040285796147E+000  0.925338717956414E-002
 -0.189156788959107E+001  0.282368042411116E+000 -0.166282695997985E+000
 -0.189132824177527E+001  0.102384472195320E+000 -0.310515330676482E+000
 -0.189107118136380E+001 -0.314859060479156E+000  0.851586868328056E-001
 -0.189102073327031E+001  0.224108599027753E+000  0.236775567919826E+000
 -0.189079213614602E+001 -0.362778753388433E-001 -0.323286336293778E+000
 -0.188835259469789E+001  0.889966320915114E-001  0.305009272077841E+000
 -0.188824948550062E+001  0.264752860106189E+000 -0.175073588094103E+000
 -0.188737878051016E+001  0.560680832345142E-001  0.309612335419699E+000
 -0.188728741954363E+001 -0.277521661191082E+000  0.147656472388833E+000
 -0.188696156767434E+001  0.634904495755180E-001  0.306819108503177E+000
 -0.188671494091447E+001  0.312515957072319E+000  0.308635471484209E-002
 -0.188636301176116E+001 -0.311308413278825E+000 -0.767870597442410E-002
 -0.188568092024296E+001 -0.219435884204739E+000 -0.217843063673190E+000
 -0.188547664057651E+001 -0.173818859062528E+000 -0.254923817185714E+000
 -0.188533806384989E+001 -0.284528986010589E+000  0.118174663108793E+000
 -0.188500587639623E+001 -0.305143352127605E+000 -0.338401333639347E-001
 -0.188413443534719E+001 -0.436130104772676E-001  0.301019340230503E+000
 -0.188371180125217E+001 -0.293441635885483E+000  0.745753043206001E-001
 -0.188245651586753E+001  0.296927690448504E+000 -0.315094519355696E-001
 -0.188161800382717E+001 -0.806188932321366E-001 -0.284574188727078E+000
 -0.188070605583053E+001  0.216001717453825E+000  0.197487308198166E+000
 -0.188008815768181E+001  0.396485090256053E-001  0.287837068976488E+000
 -0.187988577501234E+001  0.130949086873072E+000  0.258591867337511E+000
 -0.187970059279250E+001  0.111807590145999E+000 -0.266732291918414E+000
 -0.187938073897071E+001 -0.237985351094004E+000  0.162389401708969E+000
 -0.187934871469164E+001  0.134239315382104E+000  0.254800123175674E+000
 -0.187851826087903E+001  0.272899925181026E+000  0.825107252152932E-001
 -0.187841815164339E+001  0.280560973985644E+000 -0.486591239575080E-001
 -0.187838571325474E+001  0.208348513831542E+000  0.193928312721395E+000
 -0.187754464110724E+001  0.250702657922137E+000 -0.128387408676106E+000
 -0.187698524510754E+001 -0.279326991350368E+000  0.138848586428768E-001
 -0.187694360560348E+001 -0.275486715725242E+000  0.473302001599727E-001
 -0.187623635274477E+001 -0.114317130102455E+000 -0.252289846081815E+000
 -0.187600473050431E+001 -0.147471126942694E+000  0.233468616538042E+000
 -0.187580477178323E+001 -0.275365040649445E+000  0.543186302193277E-002
 -0.187579829022363E+001 -0.255206032159766E+000 -0.103500380568601E+000
 -0.187554544093392E+001  0.104469788754376E-001  0.274276520470718E+000
 -0.187478024782941E+001  0.234496219165083E+000  0.137178300169531E+000
 -0.187424893299362E+001  0.239123845402187E+000  0.124753836528669E+000
 -0.187414678049740E+001 -0.269093951865676E+000 -0.113081052973509E-001
 -0.187329840331126E+001  0.130196355076240E+000  0.232145607170795E+000
 -0.187275850791024E+001  0.218812629927578E+000 -0.147932133040660E+000
 -0.187270939691372E+001  0.119685288932072E+000 -0.235244750466382E+000
 -0.187239359106053E+001 -0.250751471871602E+000  0.784649517720339E-001
 -0.187232296431261E+001  0.227794448796836E+000 -0.130389742326159E+000
 -0.187229463195908E+001  0.247877781040403E+000 -0.859752101826512E-001
 -0.187226938118023E+001  0.215312514092314E+000  0.149750294881208E+000
 -0.187212101510404E+001 -0.189092762071910E+000  0.180919387356383E+000
 -0.187201913081826E+001  0.221546562095369E-001 -0.260371465460530E+000
 -0.187105990387229E+001 -0.241840899811375E+000  0.887617829040739E-001
 -0.186889655938673E+001 -0.631311167530306E-001  0.240942831502164E+000
 -0.186830949566975E+001 -0.122678726618929E+000 -0.214043893993647E+000
 -0.186792031409705E+001 -0.816988808026977E-001  0.231109905133909E+000
 -0.186752329202689E+001 -0.239930025431722E+000 -0.415455669287326E-001
 -0.186676336701017E+001 -0.237360735784382E+000  0.378481480333281E-001
 -0.186659160654783E+001 -0.119308256425953E+000  0.207833154779447E+000
 -0.186650762341082E+001  0.165008140070569E+000  0.173301551387761E+000
 -0.186649652624395E+001  0.210202456290670E+000  0.114253433377678E+000
 -0.186620866872688E+001  0.224943017597715E+000  0.778706842727175E-001
 -0.186586449299398E+001  0.172939925691756E+000  0.161451649948226E+000
 -0.186534235194347E+001  0.805953276169511E-001 -0.220079449823407E+000
 -0.186492402363704E+001 -0.880738615602414E-001 -0.215260097011186E+000
 -0.186381137800261E+001 -0.106165352348231E+000  0.201488315163186E+000
 -0.186374243587949E+001  0.191174045556393E+000  0.123220222552543E+000
 -0.186341316675650E+001  0.121160205165760E+000  0.190767935928690E+000
 -0.186337012196754E+001 -0.220314427978218E+000 -0.494738712961169E-001
 -0.186293290595239E+001  0.511493609498963E-001 -0.217934444181056E+000
 -0.186275482257550E+001  0.645175927376229E-001  0.213525156737193E+000
 -0.186255517583382E+001  0.118370249227214E+000  0.188001869530137E+000
 -0.186197834599866E+001 -0.607153751054206E-001 -0.210988630983842E+000
 -0.186190374177906E+001  0.215118383314348E+000 -0.421596003259701E-001
 -0.186152456138359E+001  0.214392325039885E+000  0.364817887784028E-001
 -0.186151144734348E+001 -0.144484590349835E+000 -0.162459117994985E+000
 -0.186129311874089E+001 -0.176028027938974E+000  0.125881841593614E+000
 -0.186124007200238E+001 -0.209741438182236E+000 -0.522928321599689E-001
 -0.186100166025034E+001 -0.767616124380641E-001  0.200890125536054E+000
 -0.186080256153009E+001 -0.562509467335381E-001 -0.206607892475267E+000
 -0.186074593995455E+001 -0.859720968991411E-001  0.195822740367863E+000
 -0.186068713131478E+001 -0.208802617056797E+000 -0.449621721127400E-001
 -0.185963063698603E+001 -0.261360483465047E-001  0.206939721006368E+000
 -0.185962240078629E+001 -0.205220537489769E+000 -0.370836857161656E-001
 -0.185957278791511E+001 -0.196302446614562E+000 -0.696906913774011E-001
 -0.185898513994414E+001  0.204070850158454E+000 -0.239005268809542E-001
 -0.185859959895347E+001  0.853104130242759E-001 -0.184843713763509E+000
 -0.185850342346476E+001 -0.163690764243139E+000  0.120241622628482E+000
 -0.185802738043085E+001  0.189895762065911E+000  0.651170299723720E-001
 -0.185792244672888E+001 -0.534954167101969E-001 -0.192948182240913E+000
 -0.185792185123815E+001 -0.199893026515877E+000 -0.115042430405019E-001
 -0.185779636910875E+001 -0.146346701996201E+000 -0.135724899018728E+000
 -0.185776875449177E+001  0.109672131576767E+000 -0.166599518967676E+000
 -0.185769855641573E+001 -0.197200240121713E+000 -0.274780877918932E-001
 -0.185745315983125E+001  0.149591684835563E+000  0.129516464867855E+000
 -0.185741858860447E+001 -0.489325035458190E-001  0.191542826769872E+000
 -0.185722823190452E+001  0.156087701788923E+000  0.119745397993453E+000
 -0.185711457604184E+001 -0.100284709845562E+000  0.168576381015203E+000
 -0.185701369184583E+001 -0.131897297981981E+000 -0.144486517218789E+000
 -0.185663238098148E+001  0.178088513575876E-001 -0.192856096500963E+000
 -0.185654682554262E+001 -0.317741127050741E-001  0.190604102863375E+000
 -0.185649488569491E+001 -0.946756433494542E-001 -0.168143275594041E+000
 -0.185647423835930E+001  0.187154734647768E+000  0.465558717975032E-001
 -0.185622754101231E+001  0.153489118889727E+000 -0.114638735113321E+000
 -0.185618161351810E+001  0.613943380106790E-001 -0.181217630151531E+000
 -0.185592253037495E+001 -0.283222122296376E-001  0.187853081490930E+000
 -0.185571667698455E+001 -0.165305103114289E+000  0.913971773896041E-001
 -0.185550721356591E+001 -0.176159442241380E+000  0.650241895169490E-001
 -0.185544648066434E+001 -0.960150857185411E-001  0.160996682650437E+000
 -0.185508987067086E+001  0.113489889062780E+000  0.146784377927423E+000
 -0.185505766143271E+001 -0.849580999026394E-001  0.164752272541731E+000
 -0.185494271301418E+001 -0.802952479712840E-001 -0.166384994404233E+000
 -0.185443011452400E+001  0.114291418049277E+000  0.141575308544908E+000
 -0.185407673261535E+001 -0.150123207090491E+000  0.993093908191724E-001
 -0.185393654214722E+001  0.664757049632740E-001 -0.166432965861290E+000
 -0.185379479329937E+001  0.591769025817328E-001  0.168325719903077E+000
 -0.185350742631961E+001  0.164301673142605E+000  0.653121736208462E-001
 -0.185334405015700E+001  0.170379082534287E+000  0.436455694210416E-001
 -0.185327247708634E+001  0.133182556750619E+000 -0.114250723986171E+000
 -0.185326003585200E+001  0.168745177515211E+000 -0.478644330445324E-001
 -0.185316106713294E+001  0.435662274939546E-001 -0.169322134610759E+000
 -0.185305580076268E+001 -0.737093217593188E-001  0.157874648352600E+000
 -0.185304131574818E+001 -0.173579618263259E+000 -0.140930763583818E-001
 -0.185283928163346E+001  0.149832805109481E+000 -0.864555432650373E-001
 -0.185248541172955E+001 -0.166961633219058E+000 -0.366128894411553E-001
 -0.185218701540943E+001 -0.736217425746268E-001  0.152314598842164E+000
 -0.185197070394677E+001 -0.637372490536823E-001  0.155321724681150E+000
 -0.185196131974975E+001  0.635308240931280E-001 -0.155345875615874E+000
 -0.185175542611374E+001 -0.590768446864658E-001 -0.155777552396589E+000
 -0.185165229538104E+001  0.165944896053592E+000 -0.357063259847656E-002
 -0.185161038663448E+001 -0.385582324223890E-001 -0.161182825272201E+000
 -0.185158267878559E+001 -0.112460199913524E-001  0.165180966781389E+000
 -0.185149273278823E+001  0.120205027888780E+000 -0.113057879106378E+000
 -0.185145106745199E+001 -0.791571192077072E-001  0.144506583116575E+000
 -0.185142077068504E+001  0.133715709633059E+000  0.959558103958500E-001
 -0.185140263848455E+001  0.147245464676383E+000 -0.732797194498112E-001
 -0.185136817388824E+001  0.137232990913004E+000 -0.902735906168992E-001
 -0.185121354679220E+001 -0.155944089199540E+000 -0.485221785314955E-001
 -0.185112181573275E+001  0.265042554288897E-002 -0.162734366042507E+000
 -0.185102347684111E+001  0.103785376181641E+000 -0.124584977241900E+000
 -0.185092357608837E+001 -0.104332255051881E+000 -0.123319908829986E+000
 -0.185087123386625E+001  0.131215988534217E+000  0.936520115469897E-001
 -0.185071637818049E+001 -0.271644180528625E-001 -0.157926305390015E+000
 -0.185048204122461E+001 -0.150051814058070E+000 -0.519076365134463E-001
 -0.185045850832492E+001 -0.157692838759068E+000 -0.172003614860046E-001
 -0.185029043872531E+001  0.157268635681966E+000  0.966027239109124E-002
 -0.185012116547608E+001  0.146552892887104E+000 -0.548675470555047E-001
 -0.185010146687519E+001  0.859043532604460E-001  0.130649313134775E+000
 -0.184986626092797E+001 -0.626993894946004E-002 -0.154722580455521E+000
 -0.184968227070602E+001 -0.870992170860614E-001  0.126586472327611E+000
 -0.184966660169374E+001 -0.123560055540215E+000 -0.911700786644296E-001
 -0.184928825783167E+001  0.121310929746423E+000  0.900335557928749E-001
 -0.184923765084936E+001  0.584190865917407E-001  0.138954594029194E+000
 -0.184919657089485E+001 -0.783888021249108E-001 -0.128429765523560E+000
 -0.184915008606347E+001 -0.143533499286656E+000  0.440927872874894E-001
 -0.184912158810861E+001  0.149963364200493E+000  0.181097232607286E-003
 -0.184905409580264E+001  0.404444310720464E-001 -0.143938552104212E+000
 -0.184890555816963E+001  0.141337053386755E+000  0.456160153949927E-001
 -0.184876397148606E+001 -0.321584276490920E-001 -0.144012658070636E+000
 -0.184857873243670E+001 -0.111884005098636E+000  0.942618770118084E-001
 -0.184852697986909E+001  0.143009726898796E+000  0.291212110294410E-001
 -0.184843681384460E+001  0.371265638050016E-001  0.140503071605384E+000
 -0.184836112586656E+001 -0.692153452122550E-001  0.127190231156224E+000
 -0.184834450457395E+001  0.101008779683259E+000  0.103595862639921E+000
 -0.184833496163208E+001 -0.108882692227100E+000  0.951858696385059E-001
 -0.184815914184900E+001 -0.103516289555342E+000 -0.992397535063265E-001
 -0.184812092801939E+001  0.142622897159153E+000  0.121009266595085E-001
 -0.184811362561417E+001 -0.573964773297924E-001  0.131067779411190E+000
 -0.184807731535643E+001 -0.535295334885504E-001 -0.132420115309811E+000
 -0.184794855960971E+001  0.554002600560430E-001 -0.130666742465111E+000
 -0.184792846831654E+001 -0.134409301528404E+000 -0.451325102010127E-001
 -0.184784603641501E+001 -0.474723212227612E-001  0.132982400072517E+000
 -0.184720820440176E+001  0.719819568628601E-001 -0.116107165459415E+000
 -0.184719949023557E+001  0.802156758403623E-001  0.110500194578622E+000
 -0.184718130381623E+001  0.937531248947252E-001  0.990899913525460E-001
 -0.184710844324268E+001 -0.135857562338744E+000 -0.234017564256739E-002
 -0.184706855821086E+001  0.135281407376356E+000 -0.905121104102413E-002
 -0.184706592770731E+001  0.546363462590946E-001  0.124066886248430E+000
 -0.184698816699553E+001 -0.960873863646032E-001 -0.948125274106584E-001
 -0.184693291282261E+001 -0.280105509551056E-001 -0.131632449881160E+000
 -0.184691980141908E+001 -0.378345364458639E-001 -0.129050447001926E+000
 -0.184689138790929E+001  0.131856432817322E+000 -0.253480595823135E-001
 -0.184669608488567E+001  0.132314046343037E+000  0.114468376848862E-001
 -0.184665266372976E+001 -0.954830981493782E-001  0.918377515438067E-001
 -0.184664023247899E+001 -0.132362426649681E+000  0.255345857445732E-002
 -0.184655947107711E+001 -0.130120528990822E+000 -0.208196366604714E-001
 -0.184652760288011E+001  0.124678972792649E+000 -0.419073583622129E-001
 -0.184649798253375E+001  0.838483541768724E-001 -0.101050906728442E+000
 -0.184643725887556E+001 -0.112970060587003E+000  0.660162884703812E-001
 -0.184639708599050E+001 -0.130120407857968E+000 -0.104268221994879E-001
 -0.184631330121103E+001  0.607727477955997E-001  0.114800447423990E+000
 -0.184628882980440E+001  0.843821950718748E-001 -0.985046798124838E-001
 -0.184626328835995E+001 -0.774688563990651E-001 -0.103783525616681E+000
 -0.184626008452463E+001  0.100702201591989E+000 -0.813947346276329E-001
 -0.184608153954028E+001  0.128038766798998E+000 -0.387562362202765E-002
 -0.184596543145812E+001  0.413894394493077E-001  0.120264892631306E+000
 -0.184590402923805E+001  0.118001972983008E+000  0.461460727422605E-001
 -0.184586609238239E+001  0.126221855042667E+000 -0.678934869321957E-002
 -0.184586574777646E+001  0.593172768763139E-003  0.126400201266833E+000
 -0.184583560334237E+001 -0.111568092675869E+000 -0.589036039874422E-001
 -0.184582804915763E+001 -0.119939616751282E+000  0.389416721537490E-001
 -0.184572351207013E+001 -0.122219633011394E+000  0.274818599829985E-001
 -0.184561185668446E+001  0.121796453364787E+000 -0.252032636374704E-001
 -0.184540740585127E+001 -0.108918908572193E+000 -0.565451168473601E-001
 -0.184533208199133E+001 -0.528654162628559E-001  0.110069427759566E+000
 -0.184526039472951E+001 -0.165281984451600E-001 -0.120388850382753E+000
 -0.184521007078688E+001  0.614844776024768E-001 -0.104334403573439E+000
 -0.184514832838800E+001 -0.109124470285117E+000  0.513261526154736E-001
 -0.184513148721896E+001 -0.588332135016181E-001  0.105107062599570E+000
 -0.184501284878122E+001  0.254048973921179E-001 -0.116731126663993E+000
 -0.184492047783058E+001  0.118655456056825E+000 -0.277589452493920E-002
 -0.184486930598861E+001 -0.125363698613565E-001  0.117589619393989E+000
 -0.184481953030440E+001  0.200382493376843E-001  0.116118027685575E+000
 -0.184473475329524E+001  0.860786959472364E-001 -0.794092681984750E-001
 -0.184431796135345E+001  0.876381062212293E-001  0.721204009013139E-001
 -0.184427292867160E+001 -0.101621375166317E+000 -0.496469599655249E-001
 -0.184422875923653E+001  0.111226676882522E+000 -0.182211965591907E-001
 -0.184420896578977E+001 -0.110530206675653E+000 -0.211393512929412E-001
 -0.184414250187009E+001 -0.864523930537331E-001 -0.711115648595264E-001
 -0.184406121794353E+001 -0.111178555325466E+000 -0.276259010919588E-002
 -0.184382611522297E+001  0.639369937457896E-001 -0.883751008938525E-001
 -0.184376230139480E+001 -0.692277302371860E-001  0.835343721896677E-001
 -0.184363592371701E+001  0.637618713002617E-001  0.863257689430750E-001
 -0.184358861056727E+001  0.914267218418150E-001  0.553556035926519E-001
 -0.184351676786313E+001 -0.947434619089034E-001 -0.479904087612884E-001
 -0.184338140471417E+001 -0.945921202441991E-001  0.453983193229561E-001
 -0.184335599228257E+001 -0.102600652556914E+000  0.207595241114795E-001
 -0.184333501123146E+001 -0.137797073882737E-001 -0.103566448758848E+000
 -0.184298452004983E+001  0.831010948631512E-001 -0.575249103737931E-001
 -0.184297380890656E+001  0.467167816178353E-001 -0.895043424070057E-001
 -0.184295179286688E+001 -0.732851998742046E-001  0.691283761885746E-001
 -0.184294084823822E+001 -0.890831571163346E-001  0.468161807064149E-001
 -0.184282250983228E+001  0.842507448878376E-001 -0.528459916334434E-001
 -0.184270640491805E+001 -0.227426618222140E-001  0.956109217122112E-001
 -0.184268348000144E+001  0.954406968455750E-001 -0.224477297252541E-001
 -0.184267838857721E+001  0.361389193785140E-001 -0.910857993426255E-001
 -0.184259267343240E+001  0.956729620998011E-001 -0.166702840153068E-001
 -0.184231224121012E+001 -0.419001034223516E-001  0.843488644544124E-001
 -0.184230745084066E+001  0.846732467652878E-002 -0.937500574690251E-001
 -0.184223755505324E+001 -0.283841646465337E-001 -0.889680644113771E-001
 -0.184217919740959E+001  0.647597477012773E-001 -0.664111216450252E-001
 -0.184217369527678E+001 -0.922702733464487E-001 -0.891371928259588E-002
 -0.184197959117888E+001 -0.594998658822945E-001  0.682994546029079E-001
 -0.184191916218332E+001 -0.921546368152626E-002 -0.894386201653994E-001
 -0.184170723362738E+001  0.834274583053265E-001 -0.264611722487800E-001
 -0.184170433387053E+001  0.840474874029606E-001 -0.243013329595279E-001
 -0.184169181611825E+001 -0.245787238112349E-001  0.838175742527998E-001
 -0.184168445505677E+001  0.826130207342182E-001 -0.281045565702129E-001
 -0.184151872927203E+001  0.610833213045190E-001 -0.595999461726961E-001
 -0.184146858478047E+001 -0.119632825308660E-001  0.839042109391883E-001
 -0.184134793243721E+001  0.830704814721130E-001  0.640524501707240E-002
 -0.184128271453938E+001  0.640995107420004E-001 -0.519860460383246E-001
 -0.184120056760361E+001  0.689132890302737E-001  0.435655940341704E-001
 -0.184113885535502E+001 -0.469977136305495E-001  0.656870824808937E-001
 -0.184112100817368E+001  0.227479132687591E-002 -0.805152709309809E-001
 -0.184082662012966E+001 -0.581065747648175E-001  0.502268196257756E-001
 -0.184067236060582E+001 -0.643528083088682E-001 -0.380697314898057E-001
 -0.184039616870875E+001  0.197991180346850E-001  0.681630363455827E-001
 -0.184035639983914E+001  0.383487992398361E-001 -0.590596008829127E-001
 -0.184034427854299E+001 -0.417875407913542E-001  0.564643755115082E-001
 -0.184005839413873E+001  0.649979409628720E-001 -0.117440678369469E-001
 -0.183995413600703E+001  0.682418200922896E-002 -0.640903248180358E-001
 -0.183991224715773E+001  0.547267906898519E-002 -0.635642295680814E-001
 -0.183981139392076E+001  0.227913438459169E-001 -0.578723566870849E-001
 -0.183954982513093E+001  0.432146808213645E-001  0.384448800840111E-001
 -0.183950453677574E+001 -0.564757073703976E-001  0.808920328594098E-002
 -0.183945521524440E+001 -0.210869299835679E-001  0.520734006376955E-001
 -0.183943344647603E+001 -0.501526800759038E-001 -0.244431752148024E-001
 -0.183942954271551E+001 -0.173316641120316E-001 -0.529581535879338E-001
 -0.183910195574997E+001  0.407902413527079E-001 -0.280345303444403E-001
 -0.183908667346427E+001 -0.480026734867796E-001 -0.107218211125772E-001
 -0.183901339697017E+001  0.354968077812394E-001  0.318219697534285E-001
 -0.183900418698743E+001  0.471776929084822E-001  0.533914300324767E-002
 -0.183877744291399E+001  0.424244642722531E-001 -0.958039930472054E-003
 -0.183855153896898E+001 -0.314986240034365E-002 -0.365926698413990E-001
 -0.183842517800449E+001  0.329554966230088E-001 -0.318722961474194E-002
 -0.183830298112512E+001 -0.183939912740385E-001 -0.226603291360359E-001
 -0.183822005603465E+001  0.233140901390652E-001 -0.119345067598342E-001
 -0.183812245620538E+001 -0.821265170569063E-002 -0.205750320543903E-001
 -0.183796798573007E+001 -0.134601620031543E-001 -0.814051780361424E-003
 -0.183794702964198E+001 -0.998730424192118E-002  0.633878689047762E-002
 -0.183794657720618E+001 -0.546130082715202E-002  0.104496787962081E-001
 -0.183789572240204E+001 -0.595965075519267E-002 -0.133960750647510E-002
