 -0.262983026276306E+000 -0.596898943942449E+000 -0.126182341594774E+000  0.252577984373854E-001 -0.317203747463331E+000 -0.486600595527640E+001 -0.534826943692931E+001
 -0.327948422469511E+000 -0.465488120310747E+000 -0.979861480722573E-001  0.491780055796418E+000  0.270373650163073E+000 -0.491908275459653E+001 -0.236415652397545E+002
 -0.306795339911377E+000 -0.411432329671330E+000 -0.355958424952345E+000 -0.944492346201020E-001  0.149448530702159E+000 -0.480537359804038E+001 -0.500440562906565E+001
  0.417710937413007E+000 -0.242474681227751E+000 -0.222654594888342E+000  0.354831321755185E+000 -0.246460383100697E+000 -0.482944239313962E+001 -0.496205188415465E+001
 -0.214106943230115E+000  0.451690240193825E+000  0.206518759238783E+000  0.165296638004939E-001  0.121695584833839E+000 -0.474849211567168E+001 -0.511950856106121E+001
 -0.701998244461647E+000  0.160503302920883E+000 -0.184614195028956E+000  0.430810511778379E-001 -0.475306676642084E-001 -0.487307285993393E+001 -0.500599759753349E+001
 -0.282355734446247E+000  0.228416024960026E+000 -0.600790698408888E+000 -0.199150051357494E+000 -0.145624007748156E+000 -0.487155026558146E+001 -0.500138044330640E+001
  0.181417552645319E+000  0.278177666871073E-001 -0.237266471417808E+000  0.394305308000147E+000  0.156313749871826E+000 -0.472963876568657E+001 -0.492593098984724E+001
 -0.226280800350635E+000 -0.821946339787321E-001 -0.998240215304165E-001  0.323115170190322E+000 -0.268707820884247E+000 -0.471695821599747E+001 -0.512418424212939E+001
  0.181385064913988E+000 -0.244303650213263E+000 -0.418125746157873E+000  0.493159590976726E+000 -0.952072443451968E-001 -0.485453504423816E+001 -0.506102450171358E+001
  0.404169029873790E+000 -0.778096034194586E-001 -0.310454898195895E+000  0.145099444294104E+000 -0.330596301428146E+000 -0.479276113910320E+001 -0.495935967721934E+001
  0.512522508007395E+000  0.335139975583417E+000  0.205403648289280E+000 -0.338048857325910E+000  0.259865457066880E+000 -0.489419060047072E+001 -0.498989841792420E+001
 -0.425039269077443E+000  0.470462339666506E+000 -0.377446850990546E+000  0.911048586047656E-001 -0.420507926750169E-001 -0.487195650754888E+001 -0.502562004036710E+001
  0.245658522770903E+000 -0.384095060284038E+000  0.291394778408039E+000 -0.178579326178973E+000 -0.500854834039330E+000 -0.488245975729694E+001 -0.509973429362188E+001
 -0.353740681094624E+000 -0.210472103783015E+000 -0.197950091257610E+000  0.305263045420775E+000 -0.388918628848341E+000 -0.482122188668630E+001 -0.503933589237147E+001
 -0.450223759631692E+000 -0.586052556504217E-001 -0.495475109019488E-001  0.306157770814650E-001 -0.255691380709777E-002 -0.469946008061229E+001 -0.501060812657578E+001
 -0.344374829263920E+000  0.156649033624381E+000 -0.127678155576461E+000 -0.107505065784766E+000  0.277391410982181E+000 -0.471866166014011E+001 -0.499964927056288E+001
  0.275160615697862E+000  0.382430127728064E-001 -0.355632817964215E+000 -0.403731194266495E+000 -0.496861215457949E+000 -0.490145293518363E+001 -0.495077040367101E+001
 -0.406582151249870E+000  0.283317366919823E+000 -0.252186389432410E+000 -0.668727682570367E-001 -0.234875049127114E+000 -0.477909966950593E+001 -0.500074849292364E+001
  0.416652621079939E+000 -0.173186495874255E+000  0.143231610801475E-001  0.282702362702464E+000  0.515541805669972E-001 -0.473788095670376E+001 -0.496415298952572E+001
  0.665838446248717E+000 -0.948902568924126E-002  0.100177614008929E+000 -0.244132525119735E+000  0.724296665423001E-001 -0.485384925546173E+001 -0.577706335852977E+001
 -0.472503529123340E-001 -0.335771737038993E+000 -0.487782337132906E+000  0.432139322009618E+000 -0.190456474230748E+000 -0.488265512895671E+001 -0.511366560015137E+001
 -0.282666126993449E+000 -0.601039474415622E+000 -0.315780162016303E+000 -0.244178852768759E+000 -0.809229370132982E-001 -0.489821143289969E+001 -0.496114613819226E+001
 -0.556647283801706E-001  0.609315523122618E-001  0.165881741935763E+000 -0.286099340810244E+000  0.222516627399699E+000 -0.467753989134429E+001 -0.499173376336312E+001
  0.198675207859472E+000  0.195837889920815E+000  0.488024990492715E+000 -0.458901511162891E+000 -0.601123341457690E-001 -0.485979106520141E+001 -0.551757961850624E+001
  0.145521447705102E+000  0.589999339219428E+000 -0.492643046144892E-001 -0.320586817089875E+000  0.227408514993888E+000 -0.485778927788048E+001 -0.493993081680754E+001
  0.159756548639651E+000 -0.307760563733378E+000  0.413550892945912E+000 -0.671784972776752E-001  0.138079423633755E+000 -0.475211363512667E+001 -0.493137483781492E+001
 -0.216332400149282E+000 -0.239306838948888E+000 -0.539250888825169E+000  0.131304860988958E+000  0.350296063437057E-001 -0.480135618175372E+001 -0.507131769715688E+001
  0.392181479953296E+000 -0.273179265358657E+000  0.209746051776310E+000 -0.204095578566086E+000 -0.287492038322064E+000 -0.479305931990576E+001 -0.519278287278205E+001
  0.186256952798558E+000 -0.546284541746047E-001  0.598485739144961E+000  0.460587363116540E+000  0.942100936790133E-001 -0.490313134664579E+001 -0.493191428581369E+001
 -0.588310003558703E+000  0.666314189480097E-001  0.681461035667876E-001  0.269964346540149E+000  0.439294866320639E+000 -0.490521917886742E+001 -0.553729990177456E+001
  0.406246716253118E+000  0.368300972552390E+000 -0.432015904991379E+000 -0.126720744887162E+000  0.355777664557756E+000 -0.490967048442233E+001 -0.494877835194376E+001
 -0.938688875452840E-001  0.508813294849904E+000 -0.138312992349656E+000  0.363547486913800E+000  0.725526116924140E-001 -0.480682440483459E+001 -0.502226495597972E+001
 -0.247441632729984E+000  0.470197506143462E+000 -0.357819694790493E+000  0.453309314267509E+000 -0.183335861615266E+000 -0.491941734748709E+001 -0.501296138696337E+001
  0.165062063022400E+000 -0.170064330222836E+000  0.294146011670469E+000  0.512603515980537E+000 -0.241938346112065E+000 -0.482668554860339E+001 -0.513687858080867E+001
 -0.426199605940063E-001 -0.450532821736044E+000 -0.402075834252159E+000  0.712425100823406E-001  0.320042410956479E+000 -0.483167461654622E+001 -0.512581881087097E+001
 -0.381719201819756E+000 -0.109779835206645E+000 -0.512480474150625E+000  0.208152161444168E+000  0.334377576366849E+000 -0.488245920778957E+001 -0.493298887791544E+001
 -0.153586340907102E+000 -0.277238419847277E+000  0.162931488592282E+000 -0.292799408809630E+000  0.111517253956904E+000 -0.470727474965181E+001 -0.495576837357320E+001
 -0.343722178490307E-001 -0.143582676220088E+000 -0.565189477396737E+000  0.424678970187493E-001  0.326893423018740E+000 -0.481964237198361E+001 -0.494648254902194E+001
  0.253119504160093E-001  0.647021633721932E+000  0.814678021290582E-002 -0.354025844964770E+000  0.194718558227768E+000 -0.488598950361697E+001 -0.505527456242433E+001
  0.222783655581109E+000 -0.408628953079470E+000 -0.414983371141718E+000 -0.156957378956935E+000 -0.395574622996163E+000 -0.487966080501368E+001 -0.494918069190117E+001
  0.642105908202115E-001  0.197477823087102E+000 -0.524637039034364E+000 -0.401211594457056E-001  0.369600859212122E+000 -0.482298217396189E+001 -0.495028479807117E+001
  0.121145012049016E+000  0.585723597945730E+000 -0.449863583418839E-001 -0.210150797530094E+000  0.123419825710446E+000 -0.480427658134968E+001 -0.513975282297853E+001
 -0.123871891567651E+000 -0.667387684035223E+000 -0.292835843747239E+000  0.193805745296430E+000 -0.222435500257383E-001 -0.488697208608999E+001 -0.496949767206104E+001
  0.179750586363150E+000  0.462742914697236E+000 -0.708371036665429E-001  0.183825485613358E-001  0.449987827257885E+000 -0.482183573423743E+001 -0.492418250857734E+001
 -0.543463739035099E+000  0.139868612783371E+000 -0.215585495526186E+000 -0.477102988137222E+000 -0.206810572979212E+000 -0.491058818840070E+001 -0.497864119230538E+001
 -0.258778099954485E+000  0.158490116667021E+000 -0.414733299763006E+000 -0.257944456396775E+000 -0.315553366384167E+000 -0.480979176684921E+001 -0.500607403420865E+001
  0.786773390735842E-001 -0.205959717181132E+000  0.179521838938712E+000  0.249791480347461E+000 -0.443118486907409E+000 -0.476448636429049E+001 -0.495288421686307E+001
  0.276869191736255E+000 -0.373179926306635E+000  0.407309067642643E+000  0.346895022635421E+000 -0.931808338042774E-001 -0.485011231993962E+001 -0.494165078289384E+001
  0.454581126431918E+000 -0.248360755179815E+000  0.534002237849057E+000  0.118065239446043E+000 -0.106257577633194E+000 -0.488405043043303E+001 -0.501613962259096E+001
 -0.346011639426491E+000  0.348317375961454E+000  0.362176855450764E+000 -0.639938339141217E-001  0.272584168946983E+000 -0.482000189781288E+001 -0.496319303227648E+001
 -0.265452904841370E+000  0.508439214977358E+000  0.336469021782852E+000  0.346341244207190E+000 -0.120177889082115E+000 -0.488298369857248E+001 -0.520199386355702E+001
 -0.114721131558424E+000 -0.747968312622596E+000  0.114125006021828E+000 -0.121125210231252E-001 -0.182425354755511E+000 -0.490422655349148E+001 -0.550905040803086E+001
  0.177029691264041E+000  0.682040273090550E+000  0.241391689078702E+000 -0.125610219970827E+000 -0.284932848260830E+000 -0.492056919034431E+001 -0.571625495363867E+001
 -0.132745875557934E-001 -0.513702873281355E+000 -0.194142432951116E+000  0.280519113133501E+000 -0.240970856088190E+000 -0.481395069966414E+001 -0.492844860416723E+001
  0.973089897426256E-001 -0.378136369327123E+000 -0.440651341097936E+000 -0.200228297984653E+000  0.354392859857050E+000 -0.485085038009113E+001 -0.541250775126871E+001
  0.144763336916807E+000  0.159007349260483E+000  0.391521332805079E+000  0.494880519172828E+000  0.433816871028313E+000 -0.491100892638394E+001 -0.495845438142029E+001
 -0.149976140476209E-001  0.252261647602886E+000  0.751478714113318E-002  0.469015887082058E-001 -0.581666135796921E+000 -0.479691896195361E+001 -0.507655183081097E+001
  0.666218198297107E+000  0.853035940539009E-001 -0.268140556852481E+000  0.183576641737826E+000  0.252230816867733E-001 -0.487337233420908E+001 -0.499662880076927E+001
  0.200517764969360E+000 -0.270085130453523E-002  0.107204566600371E+000  0.214050754336720E+000  0.642930668662391E+000 -0.485013519497578E+001 -0.496518173607637E+001
  0.155391630075052E+000 -0.530557206546723E+000 -0.116578474699896E+000  0.300603611489805E+000 -0.235803871073397E+000 -0.482728968889002E+001 -0.504609207638067E+001
  0.344223089394351E-001 -0.491500388633765E+000 -0.452595340754705E+000 -0.652841066134151E-001 -0.262222088370653E+000 -0.485500392005262E+001 -0.507763293505311E+001
  0.265541737718852E+000 -0.153106540179909E+000 -0.296932156002988E+000  0.462846494011012E+000 -0.316016529732746E+000 -0.484280069425727E+001 -0.506479192105332E+001
  0.257411041235740E+000  0.117745547254902E+000  0.212380397957563E+000  0.224972067919230E+000  0.133750786982425E-001 -0.468270327380290E+001 -0.625066548977881E+001
  0.158267236803706E+000  0.384111281716454E+000  0.227023090810974E-002  0.628133083443139E-002 -0.146450095513096E+000 -0.469173378328764E+001 -0.507805229474214E+001
 -0.186097896771672E+000 -0.437266325340815E-001  0.245441290024571E+000  0.245640658424794E+000  0.822277305951360E-001 -0.467663596861073E+001 -0.493882191208296E+001
 -0.345827182435846E+000  0.432402058395098E-002  0.568860371441469E+000  0.248320253960010E+000 -0.447644809342496E-001 -0.484813469939443E+001 -0.497731680875919E+001
  0.203016627050108E+000 -0.570964274732475E-001 -0.212328011739480E+000  0.500376038550742E+000  0.166233062235278E+000 -0.477847694022041E+001 -0.513182639205051E+001
  0.499701106141062E+000  0.198740215975089E+000  0.266590494951723E+000  0.358983548331857E+000 -0.213020728197881E+000 -0.486195085579232E+001 -0.507904378790392E+001
  0.297786753303120E+000  0.258638575604680E+000 -0.455746871481830E+000 -0.178984696150399E+000 -0.223132958790583E+000 -0.481724262245026E+001 -0.513039672831075E+001
  0.233357672003049E+000 -0.304629130967594E+000 -0.250356854552813E+000 -0.356727605219621E+000 -0.521801282598098E-001 -0.476464797364800E+001 -0.497086278530940E+001
 -0.388630271618794E+000  0.107788090040335E+000 -0.438611968596724E+000 -0.387347967617398E+000 -0.292878668202109E+000 -0.489011695686062E+001 -0.504468194739084E+001
 -0.357201772492674E+000 -0.600752572838198E+000  0.207940000721962E+000  0.119740551557557E+000 -0.119371784632552E+000 -0.487485427932213E+001 -0.514172244875973E+001
 -0.473181309210501E+000 -0.127885899000169E+000 -0.480557557780681E+000  0.267004776138045E-001  0.145933832877457E+000 -0.484129292600961E+001 -0.509725165661594E+001
  0.185366205252359E+000  0.393167611769057E+000  0.288433790355265E+000  0.498177352083841E+000 -0.227083190635032E+000 -0.488063411702876E+001 -0.506581213309080E+001
 -0.151312092432931E+000 -0.126469982198879E+000 -0.566937273898954E+000  0.295357521998378E+000  0.155178841699595E-001 -0.481858504041333E+001 -0.507112721369805E+001
 -0.562815225003416E+000  0.348861388471988E-002  0.132975474684100E+000  0.202040550799760E+000 -0.720506318250873E-001 -0.478492631727527E+001 -0.509580997129505E+001
  0.339714369304604E+000  0.320003022246464E+000  0.226737715714435E+000 -0.377014685602287E+000 -0.744309736509727E-001 -0.480314157686572E+001 -0.541321065151699E+001
  0.154981524064262E-001 -0.147763968227773E+000 -0.230990417972002E+000  0.509780772587277E+000 -0.375967605246403E+000 -0.483302218228522E+001 -0.525567456055912E+001
 -0.222369838986637E+000  0.416193906388933E+000  0.211712891795521E-001 -0.212424244319504E+000  0.434494638593540E+000 -0.482320445953986E+001 -0.496657976791651E+001
 -0.470836179368415E+000  0.152320905313262E+000 -0.114706566045383E+000  0.556653504452079E+000 -0.210208537346558E+000 -0.490074102376525E+001 -0.500599061320000E+001
  0.168933702673849E+000 -0.318529940004964E+000  0.327306134918596E+000 -0.503827730038973E+000 -0.156407000941641E+000 -0.485241004404026E+001 -0.499422472699614E+001
 -0.179106522901233E+000 -0.685806278012127E-001 -0.363430266484857E+000  0.979869959526507E-001  0.836480929699057E-002 -0.468396038055488E+001 -0.518052269017215E+001
 -0.376621696054269E+000 -0.292314938388177E+000 -0.333869599823331E+000  0.108081941377415E+000 -0.116941223951102E+000 -0.477675156139384E+001 -0.529855783605961E+001
 -0.116699618870856E+000 -0.398447142470729E+000 -0.124841287052888E-001 -0.186648497440494E+000 -0.144579679867558E-001 -0.469848340316952E+001 -0.503004255775570E+001
 -0.497599823817522E+000  0.375850032959976E+000  0.889222067940736E-001  0.886674274799670E-001  0.225625640064834E+000 -0.482246508249884E+001 -0.494286161112138E+001
  0.396247194494869E+000 -0.196301090522825E+000  0.313562810516760E+000  0.336017683892313E+000  0.983721652324174E-001 -0.480291894612613E+001 -0.523520636978221E+001
  0.258660083130257E+000  0.135899323169546E+000 -0.512404311510073E+000 -0.400630958404886E+000  0.354091355920353E+000 -0.491160151415683E+001 -0.514518430796293E+001
  0.371069591031803E+000  0.501662682850945E+000 -0.151992329938400E+000 -0.164451469518953E+000  0.405301032071648E+000 -0.489657915079292E+001 -0.643566471757635E+001
 -0.348107428167932E-001 -0.293471405756605E+000 -0.214111990407114E+000  0.237579351558910E+000  0.877073431944613E-001 -0.469335152831621E+001 -0.532483487260728E+001
 -0.189266806989142E+000 -0.198656866982342E+000  0.455418640782330E+000  0.252204733580275E-001  0.351352594104172E+000 -0.479808133155299E+001 -0.520744067291816E+001
  0.916637824884354E-001  0.149009261794282E+000  0.639155137668066E-001  0.219475865263247E+000  0.355093221857201E+000 -0.469916869285467E+001 -0.496841377017981E+001
 -0.983840294441993E-001 -0.891567839438530E-001 -0.379652832304799E+000 -0.331308440722452E+000  0.395505938460506E+000 -0.480867009237407E+001 -0.532540085487186E+001
 -0.421594113678324E+000  0.408074468503653E+000 -0.101220109662966E+000  0.362938114146589E+000  0.277553748687790E+000 -0.487632868464529E+001 -0.498753077378713E+001
  0.602746028587120E-002 -0.345078861961079E+000 -0.520807089955966E-002 -0.199912170264700E+000  0.954442780821587E-001 -0.467880134666882E+001 -0.493725336870579E+001
  0.651455671677397E-001 -0.240258668915683E+000 -0.238734206226507E+000 -0.483984934482162E-001 -0.814267095378725E-001 -0.465866012468715E+001 -0.666186049946558E+001
  0.344217208954392E+000 -0.150160063212947E+000 -0.243380590412716E+000 -0.306474068778069E+000 -0.440073877663092E+000 -0.483862217399783E+001 -0.509410530422780E+001
 -0.383688817207116E+000 -0.367657378368678E+000 -0.387286215600941E+000 -0.135910417141114E+000 -0.247980276866604E+000 -0.485086543018113E+001 -0.500775110786769E+001
  0.552069268597144E-002 -0.207198535884725E+000  0.459954643160305E+000 -0.412259547405913E-001  0.323850898283185E+000 -0.477524215039753E+001 -0.496853466790995E+001
  0.183694376476549E-001 -0.163764199108234E+000  0.214762895271882E+000 -0.169820583429310E+000  0.420315928589840E+000 -0.473408454638198E+001 -0.492177028753591E+001
