  0.149963364200493E+000  0.181097232607286E-003 -0.184912158810861E+001 -0.185283928163346E+001
 -0.546130082715202E-002  0.104496787962081E-001 -0.183794657720618E+001 -0.185508987067086E+001
 -0.123560055540215E+000 -0.911700786644296E-001 -0.184966660169374E+001 -0.196757723358866E+001
  0.100702201591989E+000 -0.813947346276329E-001 -0.184626008452463E+001 -0.186381137800261E+001
 -0.474723212227612E-001  0.132982400072517E+000 -0.184784603641501E+001 -0.186374243587949E+001
  0.846732467652878E-002 -0.937500574690251E-001 -0.184230745084066E+001 -0.185711457604184E+001
  0.554002600560430E-001 -0.130666742465111E+000 -0.184794855960971E+001 -0.185248541172955E+001
  0.610833213045190E-001 -0.595999461726961E-001 -0.184151872927203E+001 -0.185012116547608E+001
  0.640995107420004E-001 -0.519860460383246E-001 -0.184128271453938E+001 -0.185722823190452E+001
  0.860786959472364E-001 -0.794092681984750E-001 -0.184473475329524E+001 -0.184986626092797E+001
  0.143009726898796E+000  0.291212110294410E-001 -0.184852697986909E+001 -0.187851826087903E+001
 -0.165281984451600E-001 -0.120388850382753E+000 -0.184526039472951E+001 -0.185654682554262E+001
  0.126221855042667E+000 -0.678934869321957E-002 -0.184586609238239E+001 -0.185779636910875E+001
  0.614844776024768E-001 -0.104334403573439E+000 -0.184521007078688E+001 -0.187275850791024E+001
 -0.954830981493782E-001  0.918377515438067E-001 -0.184665266372976E+001 -0.185393654214722E+001
  0.142622897159153E+000  0.121009266595085E-001 -0.184812092801939E+001 -0.185350742631961E+001
 -0.947434619089034E-001 -0.479904087612884E-001 -0.184351676786313E+001 -0.187554544093392E+001
  0.111226676882522E+000 -0.182211965591907E-001 -0.184422875923653E+001 -0.187580477178323E+001
  0.639369937457896E-001 -0.883751008938525E-001 -0.184382611522297E+001 -0.191357729007508E+001
  0.937531248947252E-001  0.990899913525460E-001 -0.184718130381623E+001 -0.186650762341082E+001
 -0.732851998742046E-001  0.691283761885746E-001 -0.184295179286688E+001 -0.185326003585200E+001
  0.689132890302737E-001  0.435655940341704E-001 -0.184120056760361E+001 -0.185158267878559E+001
  0.802156758403623E-001  0.110500194578622E+000 -0.184719949023557E+001 -0.209874662688834E+001
  0.135281407376356E+000 -0.905121104102413E-002 -0.184706855821086E+001 -0.185701369184583E+001
 -0.101621375166317E+000 -0.496469599655249E-001 -0.184427292867160E+001 -0.185957278791511E+001
  0.843821950718748E-001 -0.985046798124838E-001 -0.184628882980440E+001 -0.189355762178657E+001
 -0.378345364458639E-001 -0.129050447001926E+000 -0.184691980141908E+001 -0.402048822209204E+001
 -0.643528083088682E-001 -0.380697314898057E-001 -0.184067236060582E+001 -0.185792185123815E+001
  0.914267218418150E-001  0.553556035926519E-001 -0.184358861056727E+001 -0.185407673261535E+001
 -0.110530206675653E+000 -0.211393512929412E-001 -0.184420896578977E+001 -0.185145106745199E+001
  0.118001972983008E+000  0.461460727422605E-001 -0.184590402923805E+001 -0.192534792404361E+001
 -0.137797073882737E-001 -0.103566448758848E+000 -0.184333501123146E+001 -0.185745315983125E+001
 -0.245787238112349E-001  0.838175742527998E-001 -0.184169181611825E+001 -0.185505766143271E+001
  0.329554966230088E-001 -0.318722961474194E-002 -0.183842517800449E+001 -0.185305580076268E+001
 -0.417875407913542E-001  0.564643755115082E-001 -0.184034427854299E+001 -0.185087123386625E+001
 -0.588332135016181E-001  0.105107062599570E+000 -0.184513148721896E+001 -0.189915748992174E+001
  0.649979409628720E-001 -0.117440678369469E-001 -0.184005839413873E+001 -0.185443011452400E+001
 -0.135857562338744E+000 -0.234017564256739E-002 -0.184710844324268E+001 -0.191994568452456E+001
 -0.108882692227100E+000  0.951858696385059E-001 -0.184833496163208E+001 -0.186534235194347E+001
 -0.119632825308660E-001  0.839042109391883E-001 -0.184146858478047E+001 -0.186074593995455E+001
 -0.109124470285117E+000  0.513261526154736E-001 -0.184514832838800E+001 -0.185092357608837E+001
  0.121310929746423E+000  0.900335557928749E-001 -0.184928825783167E+001 -0.186792031409705E+001
 -0.821265170569063E-002 -0.205750320543903E-001 -0.183812245620538E+001 -0.185010146687519E+001
  0.584190865917407E-001  0.138954594029194E+000 -0.184923765084936E+001 -0.190450561491732E+001
  0.383487992398361E-001 -0.590596008829127E-001 -0.184035639983914E+001 -0.185149273278823E+001
 -0.783888021249108E-001 -0.128429765523560E+000 -0.184919657089485E+001 -0.185544648066434E+001
  0.547267906898519E-002 -0.635642295680814E-001 -0.183991224715773E+001 -0.185304131574818E+001
 -0.143533499286656E+000  0.440927872874894E-001 -0.184915008606347E+001 -0.185592253037495E+001
  0.471776929084822E-001  0.533914300324767E-002 -0.183900418698743E+001 -0.185334405015700E+001
  0.647597477012773E-001 -0.664111216450252E-001 -0.184217919740959E+001 -0.185850342346476E+001
  0.404444310720464E-001 -0.143938552104212E+000 -0.184905409580264E+001 -0.199595304844682E+001
  0.838483541768724E-001 -0.101050906728442E+000 -0.184649798253375E+001 -0.188161800382717E+001
 -0.111568092675869E+000 -0.589036039874422E-001 -0.184583560334237E+001 -0.185142077068504E+001
 -0.960873863646032E-001 -0.948125274106584E-001 -0.184698816699553E+001 -0.188500587639623E+001
  0.227913438459169E-001 -0.578723566870849E-001 -0.183981139392076E+001 -0.185316106713294E+001
 -0.321584276490920E-001 -0.144012658070636E+000 -0.184876397148606E+001 -0.185571667698455E+001
 -0.595965075519267E-002 -0.133960750647510E-002 -0.183789572240204E+001 -0.221135344094238E+001
  0.141337053386755E+000  0.456160153949927E-001 -0.184890555816963E+001 -0.185029043872531E+001
 -0.535295334885504E-001 -0.132420115309811E+000 -0.184807731535643E+001 -0.199997331701648E+001
 -0.102600652556914E+000  0.207595241114795E-001 -0.184335599228257E+001 -0.189200305119727E+001
  0.124678972792649E+000 -0.419073583622129E-001 -0.184652760288011E+001 -0.189156788959107E+001
  0.682418200922896E-002 -0.640903248180358E-001 -0.183995413600703E+001 -0.204675044055364E+001
  0.432146808213645E-001  0.384448800840111E-001 -0.183954982513093E+001 -0.185121354679220E+001
  0.546363462590946E-001  0.124066886248430E+000 -0.184706592770731E+001 -0.186337012196754E+001
 -0.108918908572193E+000 -0.565451168473601E-001 -0.184540740585127E+001 -0.190856905046619E+001
 -0.581065747648175E-001  0.502268196257756E-001 -0.184082662012966E+001 -0.185102347684111E+001
 -0.774688563990651E-001 -0.103783525616681E+000 -0.184626328835995E+001 -0.186293290595239E+001
 -0.111884005098636E+000  0.942618770118084E-001 -0.184857873243670E+001 -0.342342963858905E+001
 -0.998730424192118E-002  0.633878689047762E-002 -0.183794702964198E+001 -0.187754464110724E+001
  0.593172768763139E-003  0.126400201266833E+000 -0.184586574777646E+001 -0.185165229538104E+001
 -0.864523930537331E-001 -0.711115648595264E-001 -0.184414250187009E+001 -0.185649488569491E+001
  0.826130207342182E-001 -0.281045565702129E-001 -0.184168445505677E+001 -0.185048204122461E+001
 -0.692153452122550E-001  0.127190231156224E+000 -0.184836112586656E+001 -0.185197070394677E+001
 -0.945921202441991E-001  0.453983193229561E-001 -0.184338140471417E+001 -0.189425196129731E+001
 -0.594998658822945E-001  0.682994546029079E-001 -0.184197959117888E+001 -0.185776875449177E+001
 -0.125363698613565E-001  0.117589619393989E+000 -0.184486930598861E+001 -0.185112181573275E+001
  0.197991180346850E-001  0.681630363455827E-001 -0.184039616870875E+001 -0.188070605583053E+001
  0.467167816178353E-001 -0.895043424070057E-001 -0.184297380890656E+001 -0.186586449299398E+001
 -0.469977136305495E-001  0.656870824808937E-001 -0.184113885535502E+001 -0.185622754101231E+001
 -0.130120407857968E+000 -0.104268221994879E-001 -0.184639708599050E+001 -0.194979120282003E+001
 -0.921546368152626E-002 -0.894386201653994E-001 -0.184191916218332E+001 -0.185196131974975E+001
 -0.227426618222140E-001  0.956109217122112E-001 -0.184270640491805E+001 -0.189381687564864E+001
  0.128038766798998E+000 -0.387562362202765E-002 -0.184608153954028E+001 -0.195720182544072E+001
 -0.134601620031543E-001 -0.814051780361424E-003 -0.183796798573007E+001 -0.186197834599866E+001
  0.954406968455750E-001 -0.224477297252541E-001 -0.184268348000144E+001 -0.188547664057651E+001
 -0.130120528990822E+000 -0.208196366604714E-001 -0.184655947107711E+001 -0.185071637818049E+001
  0.719819568628601E-001 -0.116107165459415E+000 -0.184720820440176E+001 -0.186659160654783E+001
  0.131856432817322E+000 -0.253480595823135E-001 -0.184689138790929E+001 -0.187105990387229E+001
  0.254048973921179E-001 -0.116731126663993E+000 -0.184501284878122E+001 -0.185045850832492E+001
 -0.173316641120316E-001 -0.529581535879338E-001 -0.183942954271551E+001 -0.186152456138359E+001
  0.132314046343037E+000  0.114468376848862E-001 -0.184669608488567E+001 -0.185379479329937E+001
 -0.103516289555342E+000 -0.992397535063265E-001 -0.184815914184900E+001 -0.186620866872688E+001
 -0.573964773297924E-001  0.131067779411190E+000 -0.184811362561417E+001 -0.269165793293877E+001
  0.354968077812394E-001  0.318219697534285E-001 -0.183901339697017E+001 -0.185140263848455E+001
  0.834274583053265E-001 -0.264611722487800E-001 -0.184170723362738E+001 -0.192056693638493E+001
 -0.134409301528404E+000 -0.451325102010127E-001 -0.184792846831654E+001 -0.185962240078629E+001
  0.200382493376843E-001  0.116118027685575E+000 -0.184481953030440E+001 -0.187226938118023E+001
 -0.564757073703976E-001  0.808920328594098E-002 -0.183950453677574E+001 -0.185327247708634E+001
 -0.501526800759038E-001 -0.244431752148024E-001 -0.183943344647603E+001 -0.190456150875019E+001
 -0.280105509551056E-001 -0.131632449881160E+000 -0.184693291282261E+001 -0.184968227070602E+001
